9 0.562155 0.260968 0.123384 0.150966 -0.004580
9 0.396775 0.697812 0.122570 0.151121 -0.002466
8 0.221337 0.340128 0.124861 0.093750 5.873256
11 0.369460 0.397539 0.089910 0.118442 0.013010
11 0.461356 0.629070 0.085602 0.124216 0.007019
7 0.578690 0.360418 0.035308 0.045340 -0.013623
10 0.138858 0.507486 0.047112 0.062037 -0.025402
4 0.112667 0.528161 0.121826 0.049306 0.118344
12 0.324459 0.484478 0.070504 0.032639 2.923918
12 0.110571 0.336508 0.071361 0.032639 1.849901
3 0.520494 0.890215 0.305992 0.075694 -2.762811
6 0.643214 0.566681 0.155480 0.067460 1.596859
2 0.690397 0.460472 0.499479 0.073349 -0.337463
1 0.346708 0.627668 0.367188 0.081568 -2.747698
5 0.334812 0.716159 0.153057 0.070054 2.486326
13 0.331502 0.738121 0.038021 0.043769 -0.667316
13 0.287233 0.540658 0.039062 0.043750 2.333859
10 0.273260 0.270059 0.049906 0.062708 0.000000
