8 0.522677 1.212750 0.117697 0.095028 2.741621
8 0.363754 0.343076 0.119589 0.094633 -0.932015
6 0.421583 0.807265 0.152773 0.067391 -1.701967
6 0.175332 0.863833 0.158720 0.068750 -2.040335
7 0.336251 0.722007 0.031735 0.045139 -0.000629
2 0.689528 0.561844 0.498280 0.075694 1.268929
7 0.619331 0.582606 0.031911 0.043583 0.000531
5 0.547341 1.023503 0.152494 0.071047 2.356119
3 0.490915 0.493236 0.309643 0.079325 4.445063
1 0.632692 0.807379 0.365536 0.078411 -2.769188
4 0.668772 0.664765 0.122440 0.047256 1.332065
1 0.807970 0.885056 0.373252 0.075694 2.592892
2 0.488188 0.879549 0.490104 0.075694 -0.606399
4 0.561840 0.334929 0.118543 0.046528 2.010177
5 0.600229 0.977422 0.149479 0.065595 -0.761312
3 0.410810 1.137857 0.306932 0.075311 2.551004
