9 0.509467 0.466659 0.119622 0.153758 -0.002326
8 0.647146 0.610902 0.118626 0.099306 1.496898
11 0.314633 1.060704 0.089007 0.118825 0.006652
7 0.478364 0.793572 0.033761 0.044894 0.005590
12 0.170333 0.845931 0.072523 0.034028 2.561469
6 0.491816 0.674468 0.159104 0.073082 0.985454
5 0.354682 0.627867 0.151986 0.068750 1.027960
10 0.723780 0.741991 0.046717 0.066732 0.008560
2 0.519038 1.223361 0.490941 0.075694 -1.320162
1 0.715345 1.063163 0.367554 0.084270 2.268013
13 0.302967 0.814146 0.040783 0.046528 2.483200
3 0.333459 0.535509 0.319105 0.075694 0.963621
4 0.666168 0.840826 0.122129 0.050749 1.128918
