9 0.410695 0.706407 0.111702 0.152961 0.000752
11 0.395981 0.962292 0.088281 0.120946 -0.000606
8 0.308507 0.444935 0.117883 0.093987 0.895472
6 0.547117 0.762584 0.154805 0.069335 -0.004740
5 0.666745 0.622346 0.149532 0.068750 1.385821
7 0.498043 0.390168 0.034131 0.045072 -0.000315
3 0.292842 0.518160 0.306771 0.072917 0.061086
2 0.437904 0.869347 0.495007 0.075694 -2.835562
10 0.308009 0.448813 0.045123 0.060647 -0.014975
12 0.591163 0.502877 0.074170 0.035349 -1.302104
1 0.746098 0.330459 0.366258 0.077083 -1.037996
4 0.709479 0.734486 0.122396 0.048791 -1.570796
13 0.583547 0.837738 0.041156 0.044211 -0.621038
