8 0.685096 0.512115 0.119525 0.099306 1.327919
8 0.342952 0.480272 0.123332 0.100694 0.413720
7 0.620428 0.717646 0.034607 0.044986 -0.000902
7 0.112085 0.763471 0.034628 0.046151 -0.013702
12 0.165661 0.593435 0.072739 0.035417 -1.234892
13 0.479348 0.636142 0.039523 0.045139 -1.080510
12 0.492701 1.111993 0.071732 0.034028 -1.333630
3 0.652472 0.381333 0.316265 0.074306 0.773864
3 0.274370 1.013979 0.306546 0.075694 2.353648
4 0.374252 1.026681 0.123160 0.052083 -2.911702
4 0.598205 0.945396 0.121265 0.050694 2.278962
13 0.231892 0.910979 0.043071 0.045125 -1.066027
