7 0.317604 0.710434 0.035208 0.042111 0.000000
7 0.612917 0.503353 0.032396 0.042111 0.000000
1 0.546017 0.433215 0.372971 0.084868 -0.951706
1 0.702797 0.855754 0.373407 0.077577 1.463253
2 0.862157 0.664117 0.500876 0.081740 0.391777
2 0.736703 0.744264 0.495594 0.073695 1.087140
3 0.363052 0.760324 0.312667 0.079092 -2.266519
3 0.713504 0.805955 0.310446 0.071492 1.362730
4 0.445728 0.758837 0.127393 0.054744 1.149433
4 0.405383 0.558718 0.127329 0.047295 2.617217
5 0.238712 0.512160 0.153987 0.066405 1.847614
5 0.422822 0.522751 0.150957 0.071554 -1.867175
6 0.354750 0.658961 0.157312 0.066084 -2.888604
6 0.573096 0.773534 0.155254 0.065443 1.228548
8 0.424240 0.981673 0.120042 0.096944 -0.252591
8 0.241490 0.452971 0.122042 0.100331 0.978456
