7 0.402917 0.779909 0.034271 0.048791 0.000000
7 0.676667 0.488657 0.034271 0.046119 0.000000
1 0.824205 0.931026 0.363098 0.078483 -0.239832
1 0.561780 0.560923 0.374497 0.081097 -0.880464
2 0.646276 1.151297 0.490989 0.075468 -1.159286
2 0.637092 0.514980 0.495121 0.077388 1.072868
3 0.703039 0.774429 0.308266 0.077913 -0.103586
3 0.364964 0.926967 0.303365 0.078379 1.170436
4 0.434197 0.656292 0.119332 0.050059 -0.878699
4 0.688053 0.668610 0.124543 0.050646 -1.457920
5 0.567281 1.141497 0.147374 0.066563 -1.266986
5 0.236084 0.886498 0.150605 0.069592 -2.132058
6 0.593881 0.510362 0.153699 0.068151 -2.753770
6 0.375852 0.826277 0.156392 0.069388 -1.965375
8 0.563614 1.065234 0.121291 0.098399 -2.711026
8 0.630433 1.096813 0.119929 0.097431 1.265285
