10 0.452864 0.949010 0.051666 0.063687 0.002691
10 0.228258 0.731873 0.048704 0.070288 -0.004033
9 0.732337 1.100653 0.126862 0.158557 -0.005595
9 0.568567 0.600947 0.123696 0.158473 -0.003744
5 0.295926 0.457863 0.155914 0.067361 1.239030
11 0.528125 0.793664 0.086632 0.122619 -0.004003
11 0.477847 0.347469 0.087123 0.122036 -0.001414
5 0.678707 0.873840 0.151394 0.068208 1.369276
1 0.619558 0.651458 0.371929 0.083144 4.982701
6 0.609330 1.065801 0.163973 0.067476 0.458147
2 0.490080 0.267482 0.499222 0.082059 0.984370
6 0.432369 0.826140 0.158994 0.072100 -1.875875
1 0.801555 0.444313 0.372172 0.080343 2.829671
2 0.524955 0.992206 0.501473 0.080606 2.263647
