9 0.598088 0.442240 0.117916 0.157688 0.008243
8 0.504615 0.983931 0.118838 0.093472 0.244272
11 0.505659 0.761651 0.090623 0.116954 -0.003200
6 0.668732 0.740814 0.160078 0.073502 -0.039494
7 0.430480 0.535855 0.033233 0.044572 0.010553
10 0.134115 0.467627 0.048656 0.058808 -0.009492
12 0.256251 0.360617 0.070312 0.032639 0.710316
5 0.417408 0.964417 0.148438 0.070139 -3.060128
2 0.637434 0.247028 0.499485 0.074786 1.395481
4 0.714501 0.559320 0.123574 0.050694 1.634382
1 0.442131 0.840239 0.365133 0.080339 0.439958
3 0.302033 0.700108 0.312503 0.076235 -2.450919
13 0.385661 0.379912 0.041146 0.045139 1.321608
