9 0.187489 1.185817 0.114036 0.160718 -0.002248
9 0.363043 0.658529 0.121342 0.153146 0.006652
8 0.659568 0.936439 0.118752 0.091599 1.427520
11 0.681859 0.810576 0.085938 0.124306 0.006728
11 0.754620 1.114361 0.093229 0.111806 -0.005379
6 0.280386 0.728606 0.155353 0.071528 1.311926
10 0.628234 1.079871 0.047510 0.062852 -0.009312
10 0.289798 1.012979 0.045312 0.062792 -0.006290
1 0.682746 0.590479 0.372340 0.075694 1.861248
3 0.661452 1.219278 0.310993 0.075694 1.745467
2 0.500066 0.935090 0.495303 0.078472 -1.570789
12 0.301394 1.132866 0.074009 0.034982 2.661722
4 0.590561 0.728007 0.120508 0.049306 2.189322
12 0.729970 0.908250 0.070836 0.032639 0.222415
7 0.542978 0.682350 0.035311 0.046619 0.071368
5 0.505021 1.130500 0.149749 0.068750 -1.812715
13 0.569776 0.804805 0.041146 0.042611 1.091937
13 0.356051 1.097026 0.038021 0.042746 1.009535
