10 0.218026 0.405774 0.046787 0.063245 -0.011739
9 0.617345 1.102009 0.118449 0.152713 -0.006532
10 0.366893 0.816404 0.046477 0.063045 0.001249
11 0.674042 0.498127 0.089126 0.118207 -0.000376
11 0.530257 1.245028 0.097701 0.115972 0.007369
9 0.686092 0.756900 0.115268 0.154920 -0.005092
5 0.321667 0.601079 0.156771 0.081250 1.068206
6 0.492958 0.491010 0.163728 0.074873 0.664066
5 0.397727 0.877699 0.153267 0.073371 2.772955
2 0.424529 1.003167 0.503121 0.078472 2.707397
1 0.620074 0.643989 0.374836 0.084237 1.252567
6 0.574871 0.819333 0.160679 0.071528 1.570796
2 0.635881 0.288865 0.502075 0.082072 4.692451
1 0.388414 0.840972 0.369016 0.085417 2.561799
