9 0.576577 0.569666 0.121825 0.150701 0.002502
8 0.505785 0.879021 0.119401 0.100694 1.286322
11 0.364469 1.098508 0.087438 0.123362 -0.000076
6 0.511042 0.255318 0.159726 0.071528 0.439801
7 0.329997 0.533694 0.033553 0.045304 0.004389
12 0.420791 0.610854 0.071854 0.034028 2.635329
5 0.420960 0.265849 0.156782 0.067361 0.107559
10 0.275732 0.845438 0.048756 0.057639 -0.002488
2 0.850271 0.799917 0.497396 0.077083 0.251183
12 0.580278 0.312357 0.032348 0.043750 -2.268849
3 0.334046 0.738042 0.304688 0.075694 -2.640340
4 0.173588 0.667928 0.124397 0.050694 0.218630
1 0.404818 0.302658 0.369471 0.075694 -2.888105
