7 0.702917 0.678370 0.034271 0.043447 0.000000
7 0.201354 0.665010 0.031458 0.042111 0.000000
2 0.707313 0.705235 0.500564 0.078472 1.990982
2 0.493074 0.845514 0.507085 0.078472 5.401199
1 0.527157 0.917732 0.374627 0.081283 3.041325
1 0.747410 0.482567 0.372633 0.079361 -0.100806
3 0.651244 0.871844 0.309676 0.075021 2.283130
3 0.378455 0.341560 0.311598 0.075239 0.212197
8 0.215799 0.513985 0.123161 0.096774 0.122095
8 0.670360 0.523028 0.121033 0.096156 0.282595
6 0.488619 0.319907 0.158801 0.069341 -1.141261
6 0.512724 0.742622 0.156385 0.073092 2.050283
5 0.462172 0.432560 0.158406 0.067525 -2.432671
5 0.428168 0.542631 0.150398 0.068562 -1.744895
4 0.388717 0.436576 0.120247 0.046164 0.522412
4 0.450532 0.621167 0.122002 0.046609 -1.036532
