9 0.302435 0.923552 0.118327 0.159215 0.007331
9 0.661084 0.590931 0.121970 0.149926 -0.005036
11 0.553642 0.952759 0.089543 0.118769 0.002004
11 0.192167 0.457207 0.090927 0.118278 0.002458
6 0.460401 0.862270 0.160252 0.072499 0.890713
10 0.308384 1.057921 0.044940 0.058010 -0.062027
1 0.603087 0.308610 0.370312 0.075694 1.401873
10 0.615400 0.739401 0.045644 0.062664 0.007049
5 0.236597 0.658233 0.153653 0.068750 1.004266
1 0.614420 1.142758 0.367492 0.084266 1.365036
2 0.564562 0.171120 0.495004 0.082606 -1.682400
5 0.551130 0.568010 0.149634 0.068494 0.691057
2 0.327290 0.891694 0.504082 0.075694 2.991218
6 0.463867 0.705696 0.158897 0.071528 -1.656505
