8 0.616503 0.459793 0.117558 0.091876 1.514100
8 0.710237 0.884428 0.119943 0.093967 1.408514
7 0.323865 0.879066 0.034254 0.044757 0.010525
3 0.290150 0.900236 0.311238 0.075694 -2.894382
7 0.210403 1.078906 0.034806 0.044451 -0.018130
4 0.564333 0.642182 0.120237 0.046824 -0.073973
13 0.231381 0.611315 0.040140 0.046528 1.622259
3 0.443906 0.368470 0.305624 0.072946 -2.163137
4 0.587599 1.155771 0.120355 0.046528 1.006204
12 0.429271 1.070674 0.071354 0.031250 1.104778
12 0.438769 0.493193 0.070289 0.031250 1.294000
13 0.393542 0.699252 0.038021 0.042458 1.729764
