8 0.279268 0.787768 0.119018 0.094494 1.943933
8 0.160404 0.580090 0.119479 0.091642 0.713162
7 0.341129 0.910611 0.033418 0.044930 0.000089
12 0.465169 1.004396 0.070148 0.032639 2.407078
3 0.412861 0.341416 0.309133 0.075694 -1.441627
7 0.472940 0.811405 0.034909 0.044838 -0.015325
12 0.467753 0.512327 0.070300 0.032639 -2.092060
3 0.317064 1.019095 0.310691 0.075594 2.544560
13 0.373280 0.716967 0.041504 0.045139 -1.100011
13 0.554375 0.418157 0.039062 0.044063 1.993669
4 0.679523 0.430102 0.122483 0.049249 0.479355
4 0.708458 0.816783 0.123437 0.046704 1.603173
