9 0.316906 0.842046 0.121122 0.153537 -0.013084
9 0.369457 0.585439 0.123468 0.149984 -0.002050
8 0.568942 0.803139 0.120264 0.102083 1.114020
11 0.212673 0.615015 0.091838 0.116359 0.003819
11 0.292793 1.091830 0.086604 0.126674 0.000929
3 0.372534 0.414590 0.309896 0.074306 -1.675970
1 0.574533 0.965917 0.366052 0.075694 0.047314
7 0.235078 0.681638 0.034722 0.046411 -0.030488
10 0.469174 0.344193 0.047956 0.063468 -0.022961
5 0.204345 0.854354 0.153523 0.068750 -0.978060
4 0.610303 0.620335 0.116637 0.050694 1.628696
10 0.532419 0.855053 0.048011 0.061467 -0.021719
13 0.190381 0.655055 0.039453 0.045139 1.682401
6 0.324227 0.987910 0.155034 0.071528 -1.401299
12 0.418499 0.495278 0.070626 0.034028 0.326887
13 0.505659 0.609978 0.041251 0.045139 0.430374
2 0.679469 0.390100 0.496382 0.075542 2.006231
12 0.472706 0.469930 0.070580 0.040972 -1.436302
