9 0.201970 0.407548 0.120313 0.163194 -0.010550
8 0.506180 0.666644 0.120273 0.099306 2.016046
11 0.462523 1.049872 0.089695 0.121508 -0.002519
7 0.623941 0.535992 0.034675 0.045302 0.002228
6 0.316451 0.285964 0.161846 0.070139 -0.609384
10 0.291173 0.972913 0.045738 0.064438 0.001262
5 0.574686 0.832580 0.154750 0.069938 -3.018080
12 0.523981 0.458795 0.074370 0.034513 0.830638
2 0.399489 0.891292 0.496764 0.077083 2.691324
3 0.414240 0.648736 0.309151 0.075694 -2.318802
1 0.632010 0.334237 0.371277 0.081572 0.929238
4 0.718059 0.799687 0.124607 0.049306 1.330393
13 0.328173 0.772467 0.040409 0.044600 0.696018
