9 0.180196 0.249092 0.122090 0.147546 0.005897
8 0.305472 0.507958 0.120328 0.100694 1.047113
11 0.457002 0.697979 0.087121 0.123244 -0.001403
5 0.331203 0.737771 0.154488 0.068750 1.573754
7 0.272032 0.978674 0.032813 0.045139 0.007526
10 0.492133 0.953872 0.045312 0.063994 -0.000402
6 0.539233 0.380007 0.162734 0.072844 1.035203
2 0.417435 0.888625 0.498017 0.077083 2.908548
1 0.713786 0.655481 0.370385 0.077083 0.361960
12 0.433323 0.499278 0.072705 0.034028 2.044138
13 0.212620 0.372672 0.040106 0.046346 2.157382
3 0.504489 1.031431 0.307945 0.075694 2.547682
4 0.407354 0.231760 0.123771 0.050694 -2.040919
