9 0.345753 0.511567 0.121576 0.153257 -0.003413
8 0.509797 0.975319 0.118229 0.099306 1.748866
11 0.483614 0.336364 0.090104 0.108283 -0.000253
10 0.390643 1.117447 0.044732 0.059686 -0.000978
7 0.275326 0.973040 0.033469 0.045109 0.007125
4 0.221213 0.302432 0.123072 0.051146 1.525543
6 0.370541 0.234781 0.157055 0.070139 -1.103959
2 0.422944 0.909535 0.497165 0.077083 2.719492
12 0.274857 0.700662 0.074023 0.034028 1.710754
5 0.623351 0.802722 0.153890 0.068750 2.474123
1 0.299038 0.439503 0.369088 0.077083 2.655660
3 0.577009 0.591586 0.309086 0.075694 0.912219
13 0.581576 0.618780 0.039256 0.044582 2.000133
