9 0.421505 1.051953 0.123920 0.143239 -0.010769
8 0.565415 0.586373 0.118715 0.099306 1.920400
11 0.548642 0.410639 0.089464 0.122272 -0.006384
7 0.431557 0.818991 0.034368 0.044662 -0.005128
6 0.456802 0.696404 0.160560 0.071528 -2.360930
10 0.536078 0.727878 0.047774 0.064922 -0.003957
4 0.400854 0.370995 0.152330 0.068292 0.578792
2 0.904914 0.790042 0.494515 0.077083 6.193069
12 0.610882 0.863887 0.074128 0.033510 1.881490
1 0.472836 1.162160 0.370312 0.082639 -0.973802
3 0.360547 0.661553 0.311163 0.075694 -2.083509
4 0.625190 1.068958 0.126089 0.050694 2.934762
13 0.323378 0.834003 0.042453 0.045659 -0.779162
