9 0.547990 0.409619 0.123437 0.163194 -0.012056
9 0.563008 0.963172 0.111373 0.158454 -0.003246
8 0.582354 0.768493 0.117938 0.092361 -1.600642
11 0.323747 0.305706 0.093155 0.115972 0.003788
11 0.530045 0.674785 0.085938 0.114583 0.013823
2 0.666576 0.371826 0.502626 0.074685 0.216606
12 0.555302 0.496334 0.071354 0.032639 1.713691
1 0.607730 0.920378 0.364543 0.083269 -0.028272
5 0.264830 0.365793 0.155453 0.070070 -0.306956
10 0.679087 0.479282 0.048748 0.063784 0.004931
3 0.389648 0.677967 0.312862 0.076831 -2.757181
10 0.339526 0.409385 0.043328 0.055289 -0.089095
4 0.165624 0.541935 0.122364 0.050694 1.598463
6 0.715895 0.554401 0.157114 0.070139 0.946468
12 0.124160 0.475328 0.069598 0.034028 -2.623305
13 0.605970 0.380567 0.037773 0.045139 1.145581
13 0.474133 0.571576 0.040235 0.044062 1.588795
7 0.426875 0.712147 0.029687 0.040194 0.000000
