9 0.246716 1.111723 0.120313 0.156474 0.008182
8 0.273296 0.509337 0.119754 0.099306 1.544393
11 0.523626 0.931896 0.091807 0.118750 0.001744
5 0.638268 0.419227 0.155464 0.069686 1.619094
7 0.438092 0.707320 0.033854 0.045139 0.004594
2 0.309400 0.844507 0.488646 0.077083 0.027115
6 0.442895 0.397603 0.157240 0.071528 1.200076
3 0.379958 0.302706 0.308230 0.074306 -1.894636
1 0.507018 0.886016 0.372682 0.078616 2.702820
10 0.219943 0.799934 0.048002 0.058341 0.000854
13 0.192042 0.672420 0.041346 0.046528 2.027575
12 0.527153 0.577708 0.071931 0.034028 -1.474992
4 0.679677 0.727458 0.123770 0.047790 0.786624
