8 0.535442 0.365480 0.119068 0.096210 2.519224
8 0.242868 0.401049 0.119300 0.092724 2.064064
7 0.427170 0.918604 0.034259 0.045764 -0.001736
7 0.513309 0.531314 0.035329 0.045913 -0.006204
3 0.317529 0.777111 0.307515 0.074306 -2.900954
13 0.627245 0.321382 0.044562 0.048727 1.613911
12 0.074557 0.706574 0.071952 0.033974 -0.779542
3 0.542501 0.687761 0.307815 0.072917 2.451465
4 0.330414 0.875076 0.120360 0.049306 0.423258
4 0.720066 0.533633 0.124819 0.047893 0.182020
12 0.628546 0.745595 0.071155 0.033606 2.074097
13 0.339540 0.291637 0.038460 0.046528 1.110305
