10 0.489291 0.450117 0.046198 0.061326 0.004578
10 0.158084 1.113117 0.047067 0.062137 -0.007536
9 0.411930 0.810868 0.129172 0.153472 -0.003491
11 0.541189 1.019315 0.089131 0.119492 -0.001113
9 0.662517 0.874532 0.115993 0.154328 -0.000908
11 0.545204 1.267028 0.086545 0.120974 -0.005672
5 0.356869 1.108503 0.153023 0.070644 -2.925757
5 0.621435 0.352795 0.150902 0.066397 1.950171
6 0.268933 0.869399 0.158178 0.072798 -0.016018
1 0.396346 0.391671 0.372614 0.082720 0.257110
2 0.575830 0.604403 0.498222 0.082553 4.422503
6 0.535402 0.416513 0.162366 0.078183 1.271056
2 0.644839 1.036476 0.504991 0.083646 3.454531
1 0.759269 0.689190 0.377601 0.081119 3.538726
