10 0.606823 0.900436 0.047813 0.063789 -0.002658
9 0.420440 0.509748 0.114595 0.155716 0.001866
11 0.523833 1.175250 0.089210 0.116987 0.008848
8 0.331595 1.029138 0.126002 0.103706 1.334122
7 0.485337 0.865355 0.034090 0.045376 0.001201
13 0.416979 0.605094 0.047396 0.046528 6.005773
5 0.343504 0.342491 0.152965 0.068893 -2.586463
3 0.654094 0.398898 0.319126 0.077688 5.802661
6 0.382262 0.846044 0.157963 0.076851 3.188931
12 0.510574 0.943055 0.077086 0.041082 4.973489
4 0.301408 0.644220 0.128053 0.052581 1.558173
2 0.373578 0.770067 0.504343 0.079885 6.085057
1 0.693553 0.754537 0.377419 0.088894 1.115088
