10 0.553975 0.813699 0.046471 0.063231 -0.007313
10 0.501548 0.607622 0.046045 0.062596 0.005077
9 0.439676 0.975991 0.119903 0.154580 -0.003914
11 0.392358 0.626800 0.089548 0.120062 -0.009243
9 0.185202 0.388742 0.118040 0.156079 -0.003101
5 0.548602 1.101419 0.150109 0.067810 1.637698
11 0.589232 0.716875 0.086454 0.116194 0.000945
1 0.456411 0.771253 0.370009 0.082257 1.733769
6 0.572911 0.493988 0.162384 0.070139 4.457873
6 0.445790 0.399792 0.156042 0.069441 -2.521731
5 0.682624 0.874098 0.148925 0.067780 -2.649065
1 0.522267 0.216951 0.377971 0.079861 5.401295
2 0.846465 0.412649 0.497617 0.078472 5.660029
2 0.408259 0.926720 0.493080 0.080565 5.717965
