10 0.563627 0.543421 0.050784 0.065873 -0.006805
10 0.366370 0.574330 0.046990 0.063087 -0.010244
9 0.161063 0.672095 0.117226 0.158760 -0.008931
11 0.354974 0.839204 0.089653 0.116519 -0.000872
9 0.329375 1.106197 0.114062 0.164296 -0.000912
11 0.295759 0.349733 0.090291 0.115794 -0.006918
1 0.714348 0.853961 0.368384 0.087352 0.636844
6 0.419760 0.658958 0.161707 0.068750 5.607248
2 0.777189 1.038085 0.494066 0.086865 0.782608
6 0.615136 0.485972 0.162460 0.070139 3.986283
5 0.580137 0.366372 0.159961 0.068750 0.623833
2 0.627783 0.337833 0.500878 0.078472 3.926519
1 0.310304 1.089361 0.368421 0.079861 5.744172
5 0.517030 0.791222 0.151873 0.068750 0.545940
