9 0.507192 0.799703 0.119784 0.155170 0.007287
8 0.732989 0.644587 0.119113 0.099306 1.837838
11 0.324593 0.997874 0.087968 0.122872 0.010047
8 0.155319 1.033229 0.117903 0.100694 -0.053775
5 0.690840 0.831438 0.148294 0.068750 1.749835
5 0.263458 0.668732 0.149943 0.070139 -1.811016
10 0.448575 0.551314 0.045972 0.061705 -0.000697
7 0.164292 0.828362 0.033458 0.045266 0.008854
6 0.600528 0.957799 0.151461 0.071528 1.737701
2 0.632350 0.243308 0.495312 0.079861 -1.369168
6 0.672311 0.403681 0.157664 0.071528 -2.264813
1 0.704510 1.186641 0.367883 0.082573 1.326171
13 0.515822 1.053703 0.042068 0.045419 2.378655
12 0.135740 0.519366 0.073747 0.032639 1.123326
3 0.447203 0.467436 0.307160 0.074306 0.892118
7 0.648653 0.722211 0.033546 0.042033 -0.448012
4 0.286992 0.348140 0.123064 0.048665 1.130382
