2 0.488333 0.396029 0.499479 0.082639 -0.826191
2 0.642945 0.386397 0.493703 0.082078 1.910492
1 0.768602 0.787467 0.373767 0.082614 2.861659
1 0.679621 0.772516 0.372055 0.082101 1.342270
3 0.388647 0.602525 0.307607 0.070783 2.792629
3 0.310845 0.579941 0.309503 0.076381 3.093027
4 0.626848 0.541451 0.125883 0.050170 1.410250
4 0.588530 0.692349 0.121841 0.046824 1.234109
5 0.463485 0.497815 0.147419 0.067361 -0.650622
5 0.270303 0.571205 0.151543 0.069597 2.890660
6 0.493001 0.878812 0.154439 0.072917 -1.316101
6 0.493064 0.656964 0.156440 0.067435 2.141019
8 0.398041 0.721484 0.118269 0.100284 -2.319616
8 0.171410 0.659156 0.118757 0.093194 -0.000000
7 0.084167 0.512705 0.029583 0.043447 0.000000
7 0.577917 0.631457 0.031771 0.041806 0.000000
