9 0.613487 0.886843 0.120005 0.152949 -0.001856
9 0.645971 1.231053 0.121442 0.152274 -0.003280
11 0.419698 0.450034 0.088945 0.121040 0.008597
6 0.360157 0.606265 0.160626 0.072917 3.510603
11 0.397758 1.149210 0.089248 0.113921 0.008111
10 0.445010 0.607630 0.050737 0.066548 0.004307
5 0.735390 0.698396 0.159218 0.070139 1.798563
6 0.519149 0.985688 0.163611 0.072917 6.022330
10 0.688215 0.805205 0.045690 0.060646 -0.038265
5 0.225152 1.033948 0.156023 0.068979 -2.710986
2 0.432089 0.694106 0.499491 0.082935 3.579160
2 0.840957 0.355949 0.499726 0.082639 5.813420
1 0.641309 0.712040 0.376055 0.084066 0.835874
1 0.442552 0.339298 0.377917 0.086747 0.661581
