7 0.378542 0.500681 0.035208 0.044783 0.000000
7 0.341042 1.187388 0.036146 0.048791 0.000000
2 0.493274 0.640372 0.499985 0.082347 0.304702
1 0.391786 0.579841 0.373885 0.081525 -1.360205
2 0.515436 0.983499 0.501185 0.073873 -2.671827
1 0.636495 0.979209 0.372052 0.081334 1.359151
3 0.291603 1.075775 0.314144 0.071384 -2.385082
3 0.731256 0.633897 0.312200 0.077413 1.803988
8 0.498560 1.109562 0.122433 0.101555 2.501504
8 0.538669 0.565509 0.120151 0.095613 1.520738
6 0.698405 0.789608 0.156498 0.068188 0.459274
5 0.651360 0.802527 0.152408 0.069985 0.036916
5 0.502407 0.752768 0.148876 0.061314 0.088275
4 0.615759 0.643019 0.124330 0.044890 1.933291
4 0.433386 0.785186 0.123335 0.048664 0.341026
6 0.306353 0.989053 0.156143 0.068953 -2.512512
