9 0.603601 0.841502 0.111420 0.159060 -0.000848
8 0.657973 1.022977 0.117696 0.094913 1.523080
11 0.358704 0.542597 0.091682 0.114873 -0.000879
5 0.515274 0.440892 0.151197 0.068750 -1.627144
7 0.584927 0.571734 0.033875 0.045608 -0.005546
6 0.409790 0.990563 0.158036 0.071528 1.583443
10 0.444293 0.521599 0.045203 0.058771 -0.012667
12 0.302955 0.671952 0.071718 0.034028 -2.802284
4 0.435925 0.689133 0.121735 0.049306 2.404922
3 0.669048 0.345731 0.304399 0.075694 2.406765
1 0.371136 0.540527 0.364460 0.080387 0.673067
2 0.428513 0.995617 0.497963 0.079414 2.594553
13 0.221119 0.767241 0.038220 0.042996 1.492842
