8 0.207970 0.513833 0.120474 0.099306 1.402241
8 0.223697 1.099997 0.119451 0.093951 -3.114182
7 0.480920 0.859216 0.034555 0.043973 -0.003276
3 0.702129 0.246825 0.306061 0.074306 -1.464039
7 0.289104 0.382119 0.034469 0.044936 -0.005833
12 0.610694 0.699106 0.071993 0.034028 2.517186
3 0.474078 1.092744 0.313917 0.075989 2.697266
12 0.605560 0.455114 0.072840 0.032639 2.095554
4 0.359337 0.697694 0.123784 0.048160 1.977967
4 0.433507 0.510499 0.123619 0.047799 -2.919478
13 0.490910 0.732644 0.041027 0.044454 -0.185131
13 0.470130 1.074850 0.042228 0.044256 -0.110409
