9 0.187339 1.100313 0.119271 0.154861 -0.001017
8 0.628683 0.670267 0.124023 0.100238 1.411338
11 0.548800 0.441937 0.088021 0.120139 0.006057
12 0.666823 0.313946 0.071407 0.032639 1.252493
1 0.634728 0.957549 0.364613 0.077083 -0.195234
2 0.530068 0.298754 0.497566 0.077083 1.222316
7 0.239953 0.653015 0.033705 0.045354 0.007357
5 0.758681 0.528481 0.151206 0.069769 2.642313
3 0.324145 0.744014 0.305223 0.075694 0.449681
10 0.328859 1.006712 0.044713 0.062730 -0.015716
6 0.707424 0.900028 0.157099 0.068750 2.180997
4 0.454755 0.600284 0.124780 0.046560 0.725431
13 0.340428 0.854771 0.040517 0.042694 2.905309
