10 0.464119 1.064157 0.047400 0.062661 -0.003865
13 0.416499 0.922829 0.049479 0.045006 1.347521
9 0.639251 0.642145 0.114866 0.158129 -0.012366
5 0.426275 0.684173 0.151439 0.067537 1.744137
11 0.342658 0.914207 0.089760 0.115637 -0.005814
4 0.476302 0.347729 0.121887 0.050235 -2.270042
7 0.641696 0.855146 0.034298 0.045555 0.001112
12 0.572661 0.902368 0.079384 0.037194 2.147065
1 0.308093 1.065093 0.380874 0.082089 2.599188
3 0.514872 0.513439 0.314431 0.074306 1.352738
6 0.225781 0.777122 0.156333 0.071494 -1.639823
2 0.457019 0.414627 0.500601 0.077083 0.812297
8 0.613494 0.821299 0.127301 0.104861 4.458860
