9 0.323229 0.433881 0.111146 0.159679 0.000000
11 0.728364 0.442088 0.092666 0.115972 0.000000
10 0.181667 1.047104 0.045521 0.063487 0.000000
7 0.217292 0.934881 0.034271 0.048791 0.000000
7 0.477917 0.652986 0.032396 0.043447 0.000000
13 0.496577 0.504091 0.041414 0.040972 -2.624646
12 0.163891 0.541324 0.071883 0.032794 -1.024068
2 0.696357 0.839424 0.495526 0.074306 -2.645860
1 0.423096 0.735236 0.363379 0.082363 0.831474
3 0.687111 0.729974 0.306410 0.077183 0.409803
8 0.673908 0.643568 0.118327 0.095719 0.740950
6 0.593390 0.260886 0.156468 0.068867 -1.506499
5 0.439251 0.347317 0.153112 0.067361 -0.519957
4 0.441456 0.802361 0.121202 0.049306 0.552618
6 0.322396 0.985150 0.154479 0.069162 -2.994923
5 0.270216 0.482415 0.147396 0.066020 -0.909396
8 0.167068 0.693213 0.118405 0.097917 -1.532814
