9 0.693123 1.027488 0.123330 0.147767 0.001913
8 0.562445 1.085295 0.123232 0.100451 2.756896
11 0.355222 1.108573 0.087639 0.121826 -0.005847
6 0.450469 0.795908 0.158919 0.073455 -2.554425
7 0.447582 0.878048 0.034975 0.045569 0.004782
1 0.409323 0.664684 0.368762 0.075694 -1.882888
5 0.629210 0.824215 0.154838 0.070139 0.902716
10 0.273818 0.957703 0.048903 0.063573 -0.033943
13 0.480356 0.573066 0.038156 0.047917 -1.939617
12 0.614346 0.603353 0.072264 0.034028 -2.523850
3 0.780054 0.430617 0.305774 0.075694 2.588513
2 0.544951 0.494788 0.502090 0.077083 1.381627
4 0.239740 0.931979 0.123395 0.052083 1.184571
