10 0.226875 0.867511 0.046856 0.063966 0.007385
10 0.473800 0.918032 0.045472 0.061300 -0.002790
9 0.604688 0.343578 0.117188 0.156761 -0.010710
9 0.692480 0.576884 0.121783 0.150681 -0.000925
11 0.414348 0.612814 0.092866 0.114629 0.004940
5 0.573773 0.517543 0.160359 0.071826 1.433353
11 0.177345 0.757634 0.090302 0.118394 0.037672
1 0.615520 1.080675 0.378852 0.086531 1.821691
1 0.503214 0.433384 0.373616 0.079861 3.831493
6 0.596879 0.749167 0.161571 0.070139 -2.480991
5 0.403090 0.833486 0.153230 0.067361 0.156015
2 0.432991 1.000438 0.501295 0.075694 2.408622
2 0.458326 0.337907 0.505089 0.081291 0.857959
6 0.688879 0.910523 0.156925 0.069922 0.002208
