8 0.214846 0.771820 0.120465 0.093197 1.737464
8 0.643033 0.636524 0.119523 0.099306 1.564880
7 0.624246 1.000480 0.034857 0.044725 -0.002607
7 0.456637 0.618020 0.034491 0.045602 0.001879
12 0.529388 0.815618 0.070998 0.032639 2.053329
12 0.337186 0.597526 0.071865 0.035417 -2.758097
3 0.631708 0.250436 0.307991 0.075694 -1.260460
3 0.303094 1.143306 0.314198 0.075694 -2.389282
4 0.282871 0.411800 0.123922 0.049563 0.899370
4 0.453883 1.264132 0.119862 0.050694 -1.582596
13 0.428772 0.392771 0.040084 0.045139 -0.863037
13 0.407810 0.985236 0.040583 0.047917 2.156658
