8 0.480420 0.642171 0.121778 0.099306 1.876060
2 0.512645 0.586331 0.501228 0.078472 -0.104825
2 0.596011 0.788014 0.504834 0.075694 -3.104482
5 0.483068 0.865347 0.151448 0.067361 0.833314
6 0.634146 0.308977 0.157355 0.071528 0.743481
7 0.333373 0.476638 0.036893 0.047182 0.023012
1 0.603350 0.358580 0.380762 0.082556 1.003236
1 0.635941 0.502489 0.369070 0.081798 -0.504436
3 0.621859 0.949300 0.303405 0.074947 0.989434
3 0.551830 0.821761 0.307722 0.073717 0.761066
4 0.472317 0.491400 0.119271 0.043405 -0.416429
5 0.406380 0.584889 0.146197 0.072917 -2.761935
4 0.346863 0.444566 0.115289 0.046113 0.364178
8 0.718612 0.846506 0.118161 0.093817 1.724718
7 0.486578 0.987610 0.036593 0.042025 -0.000000
6 0.435141 0.587355 0.153094 0.051130 0.404167
