9 0.568425 0.928163 0.120313 0.159979 -0.004118
8 0.274719 0.541427 0.124756 0.101165 1.295292
11 0.405435 0.449320 0.086788 0.123552 0.001275
10 0.104841 0.753776 0.044271 0.063176 -0.002729
6 0.647008 0.558630 0.159069 0.072917 1.413096
7 0.303613 0.243479 0.034274 0.045416 0.004382
1 0.676245 0.378416 0.377354 0.082013 0.428879
12 0.434324 0.191283 0.075123 0.033883 1.851176
5 0.325854 0.706601 0.151135 0.066707 -2.538976
2 0.563103 0.973771 0.495268 0.078472 -1.395178
4 0.616854 0.674769 0.124303 0.050694 1.584926
13 0.343258 0.787597 0.040843 0.046528 1.871214
3 0.258905 0.430191 0.306095 0.078869 0.590066
