8 0.360628 0.673785 0.125558 0.100956 1.183018
8 0.622744 0.380812 0.122790 0.094835 0.943776
7 0.347486 1.072597 0.033854 0.045139 -0.008993
7 0.381521 0.436820 0.034625 0.045587 -0.011018
12 0.373476 0.775368 0.073576 0.034028 -2.087960
13 0.462275 0.821036 0.042725 0.047919 1.584728
3 0.335514 0.984302 0.320903 0.075631 2.658221
3 0.345243 0.548659 0.318712 0.075366 -2.377071
4 0.509787 0.304822 0.125491 0.053472 0.041381
12 0.599961 0.961993 0.073058 0.031250 1.812271
13 0.575840 0.612685 0.040639 0.046437 2.241069
4 0.748017 0.752332 0.126346 0.049748 -0.362404
