9 0.562515 0.518064 0.121085 0.157715 -0.007136
9 0.584532 0.858394 0.123834 0.150051 0.006101
11 0.426540 1.049724 0.092188 0.105100 0.001502
11 0.446632 0.201574 0.088873 0.121949 0.006804
8 0.170932 0.585928 0.118909 0.094315 -0.114740
3 0.408892 0.329013 0.311429 0.074306 -1.512961
7 0.319542 0.773540 0.033854 0.043775 0.000423
10 0.438755 0.897625 0.044271 0.063056 -0.004810
10 0.235361 0.887583 0.044357 0.057832 -0.005497
6 0.592367 0.689201 0.157226 0.072917 1.380607
1 0.436749 0.967168 0.366311 0.083114 -0.146295
12 0.359861 0.683113 0.071869 0.034028 1.956960
13 0.508867 0.595457 0.032813 0.043750 0.005134
4 0.270362 0.514617 0.121850 0.050694 -0.084549
5 0.403654 0.501070 0.151464 0.069738 -2.423032
13 0.461022 0.717709 0.040104 0.042974 1.916279
2 0.858299 0.529007 0.495639 0.077083 -0.394643
