9 0.409127 0.220890 0.123583 0.144458 0.002143
8 0.296172 0.892797 0.119439 0.097025 1.599789
11 0.616771 0.675915 0.081772 0.125694 -0.002610
7 0.309334 0.634270 0.032813 0.043750 -0.008900
6 0.266187 0.698547 0.155115 0.068593 0.641917
2 0.660901 0.899521 0.488561 0.077083 -0.078718
5 0.363846 0.751333 0.149735 0.067361 1.898548
4 0.612191 0.422150 0.123226 0.048384 1.760724
10 0.476349 0.550561 0.045533 0.060420 -0.002347
12 0.525641 0.827442 0.070579 0.031843 2.508740
1 0.779265 0.862498 0.365092 0.080372 0.639247
3 0.521958 0.420549 0.306884 0.074384 0.870913
13 0.209225 0.460309 0.039111 0.042523 -0.261214
