9 0.311583 0.529368 0.121577 0.149830 -0.001602
9 0.586822 0.543211 0.117405 0.159417 0.006502
11 0.359576 1.205142 0.087856 0.123090 0.002940
6 0.337038 0.674651 0.160282 0.073093 1.582280
5 0.545409 0.697076 0.151528 0.070139 1.734781
11 0.435192 0.418051 0.086979 0.124306 0.001369
10 0.390002 0.964319 0.045312 0.062109 -0.010433
1 0.493882 0.227475 0.368229 0.077083 1.681085
2 0.887730 0.477988 0.500304 0.080996 -0.087498
2 0.310415 0.827715 0.498534 0.075694 2.994221
6 0.490588 0.835785 0.158372 0.070139 1.862283
10 0.220978 0.841952 0.045312 0.064960 -0.007889
1 0.667363 1.048897 0.367317 0.081085 -2.653115
5 0.151980 0.269077 0.152164 0.071013 2.069647
