11 0.499479 0.416513 0.083958 0.114255 0.000000
9 0.271667 0.759866 0.113958 0.152999 0.000000
10 0.188229 1.059132 0.048333 0.063487 0.000000
7 0.423542 1.155326 0.032396 0.042111 0.000000
7 0.501354 0.703754 0.035208 0.043447 0.000000
13 0.462689 0.481568 0.041146 0.044862 1.058385
12 0.140377 0.566098 0.071354 0.032219 -0.210684
2 0.792665 0.833532 0.496684 0.072758 2.948312
1 0.539754 0.958030 0.364195 0.084394 0.072243
3 0.706707 0.682414 0.304352 0.072910 -0.108357
8 0.663553 0.557000 0.120543 0.097300 -0.172701
5 0.278351 0.819607 0.147014 0.064062 -1.001852
5 0.354241 0.480394 0.152544 0.067001 -1.149821
8 0.218815 0.982338 0.119818 0.095606 -2.377963
4 0.450392 0.849713 0.114222 0.046786 0.418453
6 0.604107 1.121396 0.155120 0.065972 2.355025
6 0.397955 0.382144 0.159347 0.070903 -2.028195
