9 0.595989 0.728406 0.120291 0.154333 0.001373
8 0.485203 1.144882 0.117398 0.099306 2.247947
11 0.193244 0.525575 0.090104 0.107937 0.003006
8 0.652332 0.507694 0.119070 0.100694 1.706965
5 0.499606 1.030708 0.150128 0.071528 1.611906
7 0.674737 0.630733 0.032276 0.045139 -0.006836
7 0.405533 0.547527 0.032718 0.042336 -0.002822
12 0.399454 0.944931 0.070777 0.032639 1.455986
6 0.149072 0.705675 0.159241 0.071528 2.616756
3 0.377047 0.754861 0.307812 0.074306 2.998492
10 0.487769 0.838375 0.047396 0.059028 -0.014551
6 0.532870 0.489578 0.154252 0.070139 2.526986
2 0.582707 0.511646 0.497726 0.075694 0.276000
5 0.217218 0.933460 0.146938 0.067518 -2.468406
1 0.396542 0.330685 0.367188 0.079667 -1.930202
13 0.411237 0.776313 0.042306 0.046528 -0.904950
4 0.575536 0.435859 0.123980 0.049306 -0.413856
