7 0.113229 0.627602 0.033333 0.043447 0.000000
7 0.702917 0.737154 0.032396 0.043447 0.000000
8 0.552773 1.038523 0.118359 0.098421 1.207281
8 0.605296 0.655330 0.120279 0.098902 0.451688
2 0.731134 0.944300 0.495706 0.078308 -2.339703
2 0.460292 0.471161 0.501522 0.077927 -2.238720
4 0.211884 0.594726 0.111581 0.049839 1.862267
5 0.233056 0.746746 0.152049 0.070645 2.625757
3 0.402398 0.969530 0.305108 0.075338 -1.048141
1 0.459514 0.741051 0.364966 0.085976 -0.035970
3 0.533965 0.666658 0.301992 0.068118 2.585649
1 0.658011 0.635669 0.371960 0.083631 -0.323170
6 0.679794 0.937381 0.151150 0.064470 2.114230
6 0.401892 0.400357 0.159722 0.069919 1.102141
5 0.728913 0.637730 0.155638 0.069048 1.583673
4 0.662974 0.586463 0.102511 0.041330 1.413759
