9 0.422419 0.698959 0.118245 0.160281 0.002840
8 0.639914 0.583046 0.119683 0.097917 1.839503
11 0.249094 0.542412 0.088731 0.117122 0.016303
6 0.199033 0.820458 0.158854 0.072917 2.937664
7 0.473148 1.018282 0.036688 0.042648 0.004879
1 0.494759 0.381830 0.373731 0.083226 -1.294632
12 0.260223 1.014438 0.072865 0.034028 -2.038823
5 0.288423 0.887951 0.153547 0.068750 1.104645
2 0.630467 1.184630 0.494514 0.081941 -1.661446
13 0.100984 0.523683 0.042882 0.046528 1.719032
10 0.412829 0.482440 0.046998 0.061796 -0.002219
3 0.585959 0.895243 0.307755 0.074306 0.832317
4 0.212287 0.675026 0.125246 0.052083 1.633109
