9 0.198871 0.462990 0.121354 0.159013 0.000432
8 0.579819 0.670797 0.121243 0.099306 1.397076
11 0.462438 1.235668 0.088118 0.118823 0.003932
7 0.330301 0.666099 0.033854 0.043750 0.003284
6 0.502429 0.458487 0.159296 0.072917 -2.763043
5 0.562664 1.281000 0.148642 0.070139 1.424270
10 0.478942 0.944413 0.044993 0.062423 -0.010415
12 0.599042 0.848993 0.072500 0.034028 -2.614357
13 0.369891 0.321537 0.040620 0.047917 -3.110218
1 0.442350 1.088245 0.365145 0.082615 -0.641337
2 0.874586 0.830083 0.496714 0.077083 -2.854742
3 0.739990 0.429431 0.311887 0.074306 0.752239
4 0.449477 0.842213 0.124751 0.049829 0.775389
