8 0.326824 0.415762 0.119455 0.099306 -1.626456
8 0.509826 0.462682 0.123500 0.101170 1.469610
7 0.463835 0.614332 0.034281 0.045255 -0.002529
3 0.517140 0.128845 0.304688 0.077006 -1.659139
3 0.245877 0.689428 0.308854 0.075694 -2.833539
7 0.336027 0.891873 0.035126 0.045093 -0.015117
12 0.421053 0.304334 0.075308 0.032639 2.184251
4 0.276604 0.706181 0.121102 0.052083 -2.477055
12 0.692626 0.276182 0.071949 0.035417 2.705793
13 0.571537 0.891972 0.042855 0.043750 2.902866
13 0.700261 0.530826 0.039283 0.044528 0.863382
4 0.609167 0.241448 0.125521 0.047917 0.544614
