8 0.251910 1.235854 0.118085 0.097917 3.076186
9 0.519046 1.119951 0.121354 0.149306 -0.003718
11 0.293245 0.575558 0.090872 0.118363 0.004153
8 0.648506 0.861049 0.117470 0.099306 0.839712
6 0.154075 0.640104 0.155442 0.068746 -2.956435
7 0.404328 0.654621 0.033854 0.045139 -0.002937
5 0.690511 0.938611 0.148221 0.070139 1.542185
10 0.379642 1.170036 0.048596 0.062710 -0.049276
7 0.667172 0.627399 0.035937 0.045139 -0.004871
6 0.563022 0.590967 0.157887 0.072813 0.760187
12 0.154432 1.076583 0.072259 0.034028 -1.923510
2 0.540890 0.673406 0.491360 0.079471 0.298396
3 0.351718 0.862222 0.308138 0.074306 2.947698
4 0.483380 0.762543 0.111944 0.047864 0.349373
13 0.327610 0.756951 0.042299 0.046528 0.441339
5 0.375205 1.179694 0.149135 0.065972 2.297755
1 0.643735 0.806690 0.365814 0.081699 -2.221002
