8 0.329812 0.432119 0.121129 0.100694 1.221364
9 0.625077 0.818029 0.119362 0.152711 0.005667
11 0.325743 0.653107 0.087729 0.124200 -0.002532
7 0.179942 0.381835 0.033854 0.047341 -0.003292
3 0.328136 0.780300 0.307685 0.077003 -0.345656
12 0.590683 0.321179 0.072949 0.034028 1.543065
2 0.670393 0.193126 0.496458 0.079698 1.641608
5 0.539401 0.650490 0.150664 0.068750 0.995221
10 0.351519 0.307514 0.047570 0.062965 0.007581
6 0.689506 0.472883 0.160814 0.071528 -1.863760
1 0.728269 1.024202 0.367757 0.086585 -2.154794
4 0.496469 0.904764 0.125611 0.050694 -1.910384
13 0.455185 0.398341 0.043366 0.046743 -2.760240
