8 0.681208 0.701374 0.118614 0.096609 1.672181
9 0.212827 0.878268 0.115076 0.158494 -0.002956
11 0.275734 1.178472 0.090104 0.120139 0.002680
12 0.449996 1.128576 0.071015 0.032639 2.453056
10 0.433137 0.800957 0.045205 0.061150 0.000356
7 0.350795 0.864166 0.032813 0.041305 0.008877
6 0.572741 0.488951 0.156474 0.071528 2.159797
2 0.654766 0.930535 0.495724 0.077083 1.448576
1 0.334707 0.497050 0.367855 0.083851 0.464498
3 0.566974 0.319217 0.307751 0.077083 1.100313
5 0.325725 0.495620 0.152642 0.066716 2.373067
4 0.500484 0.641138 0.121129 0.049035 1.635482
13 0.596510 0.397034 0.039062 0.043804 -0.965744
