9 0.386775 0.320089 0.121341 0.152208 0.000410
9 0.656289 0.912076 0.118973 0.156721 0.006326
11 0.461782 1.186387 0.089855 0.117843 0.003156
6 0.613060 0.493844 0.162391 0.073117 1.737831
11 0.100183 0.989100 0.089063 0.123964 0.016108
10 0.382754 0.958106 0.045299 0.057866 -0.006218
6 0.558519 0.861704 0.158887 0.072450 0.919589
5 0.404719 0.620781 0.152532 0.068915 -2.804468
10 0.354126 0.148732 0.047628 0.059607 -0.037779
1 0.363190 1.172595 0.371396 0.076385 1.157757
2 0.488982 0.532585 0.502316 0.083740 1.044318
1 0.369010 0.672708 0.377604 0.083611 3.141593
5 0.738876 0.432292 0.153793 0.067361 2.356194
2 0.602109 0.836382 0.494530 0.081583 0.927295
