10 0.175571 0.669746 0.046985 0.064297 -0.002863
10 0.632666 0.306215 0.047342 0.064995 0.011753
11 0.686020 0.528513 0.088737 0.117113 -0.000026
9 0.431958 0.786227 0.115452 0.149830 -0.006347
9 0.309627 0.607503 0.114568 0.152123 0.001300
6 0.633493 0.820176 0.158923 0.069366 2.098089
11 0.534413 0.670977 0.090912 0.113349 0.014784
6 0.389106 0.950951 0.164150 0.072917 1.284895
1 0.466635 0.441453 0.373583 0.082639 1.049293
2 0.606089 0.603699 0.502491 0.078472 4.053613
5 0.626463 0.641587 0.153999 0.066830 -0.498048
2 0.615195 1.037044 0.498203 0.090116 1.764884
1 0.522188 0.870643 0.370312 0.080634 1.681807
5 0.397526 0.684471 0.158489 0.069008 3.910967
