9 0.634771 0.878711 0.122645 0.150256 -0.006585
8 0.512258 0.288584 0.118886 0.095853 0.694775
11 0.440756 1.169612 0.092188 0.108822 0.000774
7 0.079945 0.331169 0.033854 0.043750 -0.004166
3 0.264544 0.897556 0.308706 0.077083 2.975094
6 0.355874 0.611338 0.155899 0.066897 -0.394571
1 0.694987 0.703704 0.363949 0.078914 -2.284062
13 0.215216 0.793361 0.039064 0.042875 1.597712
10 0.304150 0.949155 0.047072 0.060005 -0.005422
12 0.406957 0.948287 0.070923 0.032630 0.508809
5 0.192121 0.564101 0.150805 0.068750 0.175654
2 0.565102 0.366687 0.503016 0.080068 -0.825787
4 0.562285 1.023162 0.122161 0.047657 1.395928
