8 0.638987 0.683840 0.121255 0.099306 2.444878
7 0.488477 0.688962 0.034759 0.045336 -0.005862
2 0.315036 0.788243 0.497082 0.077083 0.021323
10 0.649334 0.881076 0.047418 0.057639 -0.009560
4 0.603526 0.353406 0.124780 0.050694 0.211219
6 0.302918 0.721736 0.152786 0.068298 0.258305
9 0.419852 0.876486 0.118403 0.146485 -0.001604
11 0.353420 1.038736 0.093815 0.111806 0.001372
6 0.470981 0.514515 0.162237 0.071324 0.963333
3 0.645660 0.559386 0.311458 0.074306 1.123953
1 0.463054 0.373857 0.371389 0.085298 1.045599
13 0.192195 0.971326 0.041831 0.045139 2.492382
12 0.504436 0.951960 0.070312 0.034989 1.309695
