9 0.419371 0.510364 0.120313 0.150694 -0.004489
11 0.282495 0.657577 0.081768 0.118280 0.003355
8 0.609267 0.759083 0.117202 0.094652 1.833828
7 0.595702 0.547566 0.034393 0.044900 0.004515
5 0.261533 0.505660 0.150965 0.068750 -2.270071
6 0.430780 0.717363 0.156137 0.067287 1.224384
2 0.539854 1.143444 0.497521 0.078472 -1.639254
10 0.490862 0.561863 0.044475 0.057345 -0.015587
3 0.585508 0.343283 0.309331 0.074306 -1.161499
13 0.278602 0.844396 0.038006 0.046528 -0.672315
12 0.486834 0.936702 0.070116 0.031488 2.555065
4 0.432843 0.842826 0.121607 0.047263 1.108820
1 0.334798 0.867019 0.366783 0.081399 -0.537428
