9 0.211101 0.967461 0.118229 0.161519 0.001766
9 0.610812 0.669212 0.111979 0.161806 -0.002533
8 0.467623 0.546954 0.119871 0.095863 -2.356071
11 0.576979 0.444603 0.088021 0.121528 0.001344
11 0.122977 0.558858 0.088532 0.119366 0.011191
10 0.428135 0.846286 0.047243 0.061670 -0.009690
10 0.324169 0.357865 0.046615 0.063200 -0.015240
7 0.243826 0.703828 0.032427 0.043157 -0.008409
6 0.166677 0.695492 0.158407 0.067361 -0.863166
12 0.450570 0.939083 0.070704 0.032639 1.988613
12 0.169485 0.461703 0.071813 0.034028 -0.413174
5 0.535775 0.300813 0.155136 0.070517 0.931819
13 0.605917 0.913667 0.039043 0.046528 1.564732
1 0.460180 0.969419 0.370826 0.080393 -2.860782
2 0.624579 0.374618 0.502544 0.078472 0.336066
3 0.323149 0.454755 0.312062 0.075694 -0.680463
13 0.207447 0.205083 0.039503 0.043750 0.561666
4 0.555060 0.762255 0.121397 0.049718 -1.996305
