9 0.181523 0.802052 0.120264 0.152770 0.001921
8 0.577301 0.844507 0.120007 0.099306 -2.911047
11 0.188897 0.658545 0.089505 0.119755 0.000456
8 0.441343 0.274248 0.118022 0.099306 -3.099347
7 0.360754 0.992804 0.034685 0.045788 -0.007417
7 0.471681 0.679941 0.031771 0.045212 0.045804
10 0.408713 0.681143 0.047419 0.064955 0.002072
6 0.511235 0.460336 0.154051 0.071528 -2.169411
1 0.462445 0.462977 0.373304 0.081828 0.255239
3 0.768674 0.730651 0.321068 0.074993 -2.815152
6 0.576105 0.537466 0.156026 0.071528 -2.703107
13 0.264595 0.314977 0.044098 0.045139 2.232169
5 0.309086 0.221219 0.160264 0.067764 -0.235500
12 0.450167 0.720573 0.071210 0.033536 1.190790
5 0.617375 1.009962 0.149479 0.070326 -0.747715
4 0.513018 0.630864 0.121693 0.050694 2.357494
2 0.513517 0.825597 0.490997 0.077083 0.572893
