9 0.129004 0.891541 0.114371 0.160373 0.002844
9 0.502203 0.644917 0.121835 0.150218 -0.008723
11 0.672131 1.027092 0.091689 0.114809 -0.002633
11 0.146058 0.536245 0.085264 0.124515 -0.000103
10 0.345501 1.204173 0.045952 0.060193 -0.052265
10 0.664135 0.735425 0.045551 0.060545 -0.007558
1 0.642597 1.023632 0.377218 0.081416 3.023501
6 0.562798 0.919916 0.164531 0.070915 0.896870
5 0.279542 0.606059 0.157853 0.069008 -2.281012
6 0.595827 0.323781 0.157812 0.071528 -2.137875
2 0.512265 0.698947 0.494422 0.077083 -0.327995
5 0.734786 0.445922 0.156822 0.067361 1.036394
1 0.343185 0.986090 0.373260 0.081250 -2.984019
2 0.681351 0.449363 0.501139 0.077083 2.202808
