8 0.239391 1.049171 0.125417 0.100301 2.415296
8 0.477451 0.292618 0.119256 0.096737 0.157298
6 0.375015 0.796102 0.151562 0.066246 -1.432303
7 0.594104 0.897444 0.033854 0.045139 0.000249
5 0.389937 1.013691 0.146831 0.064923 2.839488
1 0.717276 1.144417 0.364063 0.077083 1.338021
5 0.492630 0.821756 0.149201 0.065720 0.080665
4 0.127860 0.907486 0.120831 0.046528 -3.063949
7 0.326545 0.631760 0.033169 0.041366 0.000000
4 0.642965 0.715260 0.123137 0.048843 0.210471
1 0.403730 0.423861 0.368345 0.083274 0.514533
2 0.434339 0.358639 0.500240 0.077331 0.584233
2 0.809853 0.417031 0.499393 0.076547 0.617263
3 0.612719 0.431432 0.313251 0.075958 0.673265
3 0.330782 0.888854 0.306252 0.074306 -0.462483
6 0.292915 0.683176 0.155518 0.069090 2.084394
