10 0.681496 0.964699 0.045878 0.062371 -0.010054
10 0.356721 0.603756 0.046513 0.062667 -0.002937
9 0.523421 0.600397 0.115518 0.158763 -0.011464
9 0.555345 0.882534 0.122127 0.150707 0.004907
5 0.278572 0.551897 0.154956 0.073735 1.274639
11 0.715990 0.593659 0.088865 0.119793 -0.000415
5 0.723690 0.886970 0.154567 0.067857 1.063882
11 0.216509 0.925640 0.085074 0.124488 0.011592
6 0.386549 0.848132 0.162785 0.075694 0.583680
6 0.164454 0.746373 0.156929 0.071342 1.341374
1 0.609904 0.703131 0.375121 0.087624 4.653672
1 0.549374 0.265136 0.377811 0.085381 4.845203
2 0.583432 0.995592 0.500301 0.079365 4.740403
2 0.597107 0.408694 0.501402 0.081250 4.640459
