9 0.340501 0.992812 0.116395 0.165276 -0.000200
11 0.474000 0.525391 0.087581 0.120433 0.006493
8 0.472994 1.054360 0.118562 0.097248 0.895580
8 0.222929 0.684974 0.118229 0.097853 -0.315337
7 0.277705 0.771565 0.034906 0.045060 -0.008251
6 0.433505 1.039582 0.152064 0.065276 0.364735
1 0.839491 0.783045 0.361878 0.079395 0.090729
7 0.149592 0.791120 0.033854 0.041699 0.000630
6 0.605352 0.344221 0.156422 0.071528 2.793400
10 0.258050 0.655643 0.048317 0.056817 -0.062264
12 0.273651 0.553763 0.072301 0.032639 -0.344693
5 0.469344 0.373715 0.148183 0.065900 0.226269
2 0.668063 0.783979 0.499763 0.077083 2.450698
3 0.542652 0.564877 0.303425 0.074306 -1.378304
5 0.273429 0.651294 0.151562 0.067865 2.953992
13 0.282966 0.608598 0.041978 0.043960 0.410427
4 0.415271 1.062684 0.125090 0.048966 -2.697052
