10 0.236543 0.366411 0.046286 0.061383 0.001204
10 0.315650 0.951155 0.046734 0.062505 0.003608
11 0.527244 1.141742 0.088751 0.117317 -0.002288
9 0.338401 0.529056 0.113905 0.160805 -0.001885
9 0.243027 0.824135 0.123270 0.148089 0.008951
5 0.611133 0.643567 0.156329 0.067361 2.031384
11 0.447537 0.487341 0.087812 0.121698 0.010510
5 0.539896 0.963569 0.152604 0.068750 2.544259
1 0.670599 0.335745 0.374635 0.084983 5.457977
1 0.340799 0.278233 0.376910 0.084856 3.850201
6 0.217918 0.567580 0.158157 0.071167 -1.515604
2 0.482112 1.105396 0.502036 0.079861 2.304885
6 0.434213 0.743181 0.158738 0.071528 6.257238
2 0.828147 0.313838 0.505981 0.081250 2.530472
