9 0.278293 0.505359 0.111235 0.158065 0.004016
8 0.447754 0.535240 0.119073 0.099306 1.393798
11 0.566814 1.119562 0.092360 0.116847 0.004746
10 0.407143 0.648169 0.044271 0.065051 0.004860
6 0.497285 0.762681 0.156082 0.071528 1.316426
5 0.661363 0.645751 0.152633 0.068750 1.042544
7 0.469677 0.383383 0.033536 0.044549 -0.005174
2 0.549481 0.241087 0.503649 0.080037 1.264139
4 0.544841 0.593273 0.125597 0.050060 1.687549
1 0.364030 0.749382 0.368144 0.077083 -0.557778
13 0.591266 0.450192 0.039281 0.045139 1.564480
12 0.274030 0.704265 0.071060 0.034028 2.133963
3 0.593871 0.955215 0.307613 0.075694 -2.192454
