2 0.621873 0.968398 0.492809 0.075740 -1.423874
3 0.562874 0.676368 0.309186 0.074179 -3.080912
2 0.633461 0.268758 0.493229 0.084329 -2.288665
6 0.546251 0.380496 0.159690 0.070276 1.633585
8 0.614438 0.778435 0.119813 0.096620 1.738848
8 0.306557 1.014775 0.122802 0.096355 2.198747
6 0.589358 1.060479 0.154029 0.070194 2.228748
1 0.637214 0.714569 0.365990 0.078438 0.169878
3 0.398867 0.751515 0.313047 0.077517 -0.527204
1 0.554000 0.635028 0.366437 0.085020 0.274631
5 0.367542 0.570058 0.152896 0.067304 2.032682
4 0.338991 0.441166 0.107044 0.050000 1.514603
5 0.658282 0.909353 0.151251 0.064525 2.534788
4 0.645649 0.813815 0.116610 0.047130 2.259924
7 0.648542 1.071155 0.031458 0.044783 0.000000
7 0.267917 0.471289 0.037083 0.043447 0.000000
