8 0.232663 0.848118 0.117558 0.099306 1.253169
8 0.395222 0.907361 0.118229 0.093750 -2.011098
6 0.351922 1.063931 0.156445 0.071528 -2.078380
6 0.312447 0.477131 0.153361 0.068756 -0.484587
7 0.572792 0.637651 0.030730 0.045139 -0.003131
5 0.401909 0.342226 0.157812 0.068169 0.047338
4 0.252625 0.299756 0.121543 0.049306 -0.046195
2 0.704769 1.121375 0.491726 0.077083 -1.868287
1 0.582396 0.381109 0.374479 0.082191 0.367459
7 0.134485 0.756236 0.030730 0.043750 0.000000
3 0.248236 0.639717 0.306159 0.075694 -3.025168
5 0.682745 0.851340 0.151427 0.068750 2.189886
2 0.430721 0.520866 0.504255 0.078472 -0.516717
3 0.645619 0.479651 0.305925 0.073531 -2.592575
1 0.596129 0.812334 0.370071 0.081585 2.493366
4 0.230313 1.015299 0.120313 0.049306 -2.583893
