9 0.453240 0.764257 0.111880 0.154861 0.001361
8 0.605072 0.523551 0.117685 0.098608 0.594521
11 0.370531 1.019472 0.089063 0.120139 0.009698
10 0.502570 0.624850 0.046354 0.063194 0.004472
8 0.470897 0.620996 0.119188 0.096883 0.378117
6 0.557356 0.958865 0.159091 0.068925 -2.642122
7 0.163724 0.828138 0.033593 0.045526 0.006486
6 0.599089 0.889549 0.153512 0.068750 2.250710
7 0.631432 0.595989 0.033667 0.041709 -0.016988
5 0.283407 0.670512 0.149829 0.069784 -2.175156
13 0.649898 0.900767 0.039901 0.045743 1.636605
1 0.635154 0.821618 0.365386 0.082639 0.483759
2 0.403933 0.668423 0.493901 0.077665 2.648226
3 0.440173 0.438731 0.309218 0.074306 0.806474
5 0.683339 0.720240 0.146354 0.067361 2.044511
12 0.254181 0.536001 0.072874 0.034081 2.420696
4 0.438958 0.344898 0.121366 0.048914 2.273573
