8 0.413048 0.386562 0.119219 0.099306 1.320959
8 0.542779 0.901472 0.122783 0.100694 1.970559
7 0.344951 0.600062 0.034018 0.045387 -0.000135
7 0.589257 0.552960 0.035338 0.045191 -0.016721
3 0.319742 0.868771 0.312055 0.074306 -1.863621
12 0.634464 0.733340 0.073438 0.032639 1.391527
3 0.403464 0.931722 0.310204 0.074306 3.058825
13 0.162284 0.560176 0.040949 0.045139 -1.630951
12 0.426945 0.974021 0.072415 0.034028 1.936646
4 0.465474 0.675242 0.122135 0.047122 0.782243
13 0.515712 0.466309 0.039838 0.044626 2.557398
4 0.245352 0.384227 0.121765 0.048934 -2.726441
