9 0.507098 0.498357 0.109379 0.159351 -0.011831
8 0.254174 0.859056 0.121052 0.099306 0.859689
11 0.641859 0.659958 0.088021 0.125194 0.001895
3 0.508906 0.315240 0.309076 0.075694 -1.577273
5 0.454990 0.797690 0.151509 0.070742 1.248581
10 0.260580 0.675808 0.043229 0.064625 -0.012853
12 0.585878 0.896069 0.071705 0.034028 1.516047
6 0.430102 0.920778 0.157579 0.070139 1.768866
2 0.538405 1.046368 0.498571 0.077083 -1.406582
1 0.271428 0.472939 0.371539 0.084572 -2.907482
4 0.331361 0.441876 0.124479 0.046191 1.968861
13 0.169488 0.526982 0.040018 0.044969 0.656502
