9 0.580918 0.884966 0.119471 0.155224 -0.002567
9 0.139723 0.752048 0.119219 0.153785 -0.005214
11 0.426596 0.352597 0.088797 0.119708 0.003854
11 0.183327 0.571280 0.085637 0.123447 -0.005504
5 0.773493 0.659283 0.158465 0.068750 2.975200
10 0.289692 0.520610 0.045041 0.058459 -0.014839
6 0.380520 0.446931 0.160103 0.088250 5.109510
5 0.603407 1.056353 0.157470 0.068818 2.775764
10 0.576995 0.678261 0.045376 0.058574 -0.019300
6 0.738890 0.882125 0.164342 0.071528 2.251145
2 0.523101 0.700041 0.494131 0.075046 -2.280581
1 0.616042 0.602415 0.372396 0.081250 0.810554
2 0.714398 0.658108 0.497858 0.093772 3.965234
1 0.566804 1.104265 0.376372 0.085710 -3.017238
