9 0.661082 1.009518 0.119507 0.153259 0.000102
8 0.164426 1.021618 0.121124 0.099306 1.484064
11 0.361452 0.795500 0.084896 0.124306 0.013084
6 0.394832 0.634906 0.160459 0.072237 1.273240
7 0.413522 0.876649 0.033836 0.044673 0.001583
5 0.106921 0.703183 0.154334 0.068554 0.074002
2 0.534361 0.357313 0.495367 0.077083 1.321205
1 0.763332 0.566043 0.373904 0.077083 2.589672
12 0.167111 0.489328 0.073027 0.034028 -1.711282
13 0.489289 0.728083 0.042188 0.043750 1.513251
4 0.512597 0.525390 0.132230 0.052239 1.437574
10 0.671498 1.113603 0.045236 0.061803 0.003359
3 0.407302 0.953056 0.310288 0.075694 2.175941
