9 0.295368 1.015162 0.113372 0.159004 -0.007024
8 0.246967 0.721869 0.120227 0.099306 0.638716
11 0.630068 0.937559 0.087012 0.122549 0.000926
6 0.467966 0.607076 0.158758 0.072917 -1.802849
7 0.513158 0.470168 0.033999 0.044317 0.005158
10 0.423222 0.805752 0.046740 0.061046 -0.000434
5 0.596388 1.155313 0.155086 0.069209 2.832911
12 0.419019 0.949282 0.075822 0.032578 1.868604
3 0.627431 0.324793 0.311371 0.076571 1.203153
4 0.715401 0.619369 0.124479 0.049306 1.703789
13 0.305687 0.769761 0.043990 0.048162 1.903167
2 0.497658 1.140785 0.499096 0.077083 2.136688
1 0.426074 0.335823 0.370572 0.082146 -2.593824
