9 0.608576 0.471283 0.113661 0.157639 -0.001243
8 0.518136 0.757042 0.119192 0.094084 1.166404
11 0.229157 0.755708 0.089110 0.118750 -0.001347
7 0.282443 0.602188 0.033854 0.045139 0.004651
10 0.467781 1.129070 0.050854 0.059487 0.033963
1 0.504522 0.505476 0.370607 0.077083 -1.236237
5 0.739195 0.477706 0.148568 0.070139 2.499812
3 0.491291 0.982285 0.303772 0.075694 1.094903
12 0.636334 0.767831 0.070471 0.032606 -2.252836
6 0.473926 0.324284 0.157767 0.069469 0.591733
4 0.615365 0.944018 0.120063 0.046676 -2.692597
13 0.625402 1.041857 0.039814 0.042505 1.500306
2 0.477332 1.130710 0.494351 0.074379 2.179971
