9 0.418765 1.165523 0.121208 0.151199 -0.008313
11 0.498122 0.702959 0.088591 0.122784 0.001417
8 0.425579 0.867563 0.119442 0.099306 1.395192
7 0.580423 0.698710 0.033846 0.044992 -0.002402
3 0.498891 0.501811 0.308924 0.074306 -1.723659
10 0.297731 0.606288 0.044486 0.063983 -0.006647
1 0.333880 0.847509 0.372588 0.081491 -2.773715
12 0.296080 0.763090 0.072790 0.034028 2.309492
6 0.317200 1.032146 0.157888 0.071528 0.754577
2 0.827573 1.027944 0.491719 0.075694 0.464394
13 0.506311 0.803889 0.039262 0.046528 -2.074586
5 0.616904 0.520424 0.152214 0.070139 -0.100787
4 0.436622 0.596206 0.120680 0.051222 0.794706
