8 0.645752 0.405627 0.118890 0.092476 2.325210
8 0.591671 1.031910 0.117457 0.096432 2.839764
7 0.603563 0.514718 0.032813 0.043750 -0.002714
12 0.508146 0.332991 0.070734 0.032639 1.550899
7 0.309468 0.514831 0.034565 0.045518 -0.008280
12 0.616173 0.821576 0.071347 0.032639 2.762416
3 0.435435 0.838242 0.307432 0.074610 2.609813
3 0.444536 0.312642 0.310634 0.070842 0.884994
4 0.247224 0.557356 0.122383 0.046528 -0.700485
4 0.483395 0.464417 0.120227 0.048407 2.504068
13 0.608671 0.690727 0.037738 0.042775 2.163973
13 0.476452 0.762526 0.040104 0.043260 2.421547
