10 0.242573 0.467771 0.046174 0.061123 0.009331
9 0.427219 0.991009 0.113771 0.157934 -0.009548
13 0.428738 0.742354 0.048662 0.047917 2.000061
11 0.161713 0.618282 0.087041 0.119978 0.007238
7 0.127234 0.772323 0.034307 0.044744 -0.000600
12 0.496886 1.110332 0.073924 0.031928 3.581395
5 0.453530 0.349646 0.156123 0.067361 1.204443
4 0.605240 0.501581 0.122043 0.047917 1.938715
2 0.476247 1.158785 0.488432 0.077083 5.279161
6 0.410679 0.611425 0.160229 0.072045 0.712950
3 0.669506 0.803354 0.310574 0.074306 2.638467
1 0.365417 0.305181 0.366146 0.082639 0.992596
8 0.275313 0.909319 0.120313 0.096528 0.445348
