7 0.110281 0.991382 0.040561 0.045556 0.000000
7 0.377604 0.693066 0.034271 0.040775 0.000000
1 0.581871 0.244185 0.373429 0.088904 -0.744819
1 0.278095 0.583578 0.364003 0.091672 2.870426
2 0.659673 1.077187 0.497158 0.076889 -2.215057
2 0.588386 0.350070 0.497085 0.078897 1.972577
3 0.683714 0.574302 0.303365 0.073120 -1.971156
3 0.356427 0.729568 0.310667 0.073699 3.026667
4 0.437434 0.812594 0.122055 0.047368 2.265732
4 0.182740 0.811130 0.124543 0.047106 1.683673
5 0.669286 0.733490 0.150759 0.062842 1.757987
5 0.324972 0.354349 0.154007 0.068750 1.860088
6 0.319999 0.993122 0.153435 0.069078 0.259527
6 0.527215 0.670347 0.159118 0.070151 1.196906
8 0.323169 0.481049 0.120401 0.097703 0.672466
8 0.231296 0.432634 0.118530 0.099738 -1.896733
