8 0.548492 0.306277 0.118519 0.099306 1.418447
8 0.540883 0.783158 0.118181 0.093649 1.764221
7 0.233787 0.597410 0.035231 0.046067 -0.002794
7 0.597278 0.660682 0.034451 0.045864 -0.001842
12 0.355698 0.535627 0.070847 0.032432 -2.701623
3 0.446161 0.289862 0.312886 0.074306 -0.387729
3 0.418883 0.814332 0.305729 0.071635 -2.483381
13 0.340113 0.895822 0.038842 0.043033 1.409348
4 0.193586 0.761158 0.120733 0.047802 1.734982
4 0.114664 0.532548 0.121515 0.048396 2.090805
12 0.518592 0.465645 0.071613 0.032159 -1.703610
13 0.191108 0.380094 0.042333 0.042719 1.944022
