8 0.624861 0.798132 0.119014 0.099306 2.309576
9 0.698408 0.538057 0.119504 0.153662 -0.003623
8 0.353473 0.298946 0.121354 0.094628 -0.007152
11 0.451081 0.980918 0.091281 0.115974 0.000086
10 0.573303 0.512030 0.047907 0.063882 0.005761
6 0.307864 0.884854 0.157571 0.071528 -2.538424
3 0.642022 0.860826 0.306082 0.075694 -0.258989
7 0.524222 0.530995 0.033854 0.040703 -0.008735
4 0.649095 0.642008 0.124065 0.050694 -0.703831
7 0.348689 0.668402 0.034888 0.045518 -0.010101
5 0.410559 0.219998 0.149904 0.068750 -0.400992
6 0.595624 0.308135 0.155309 0.071528 0.856090
5 0.431446 0.817597 0.151074 0.068750 0.749384
12 0.274714 0.746563 0.071374 0.034028 -2.086311
13 0.417555 0.404465 0.041760 0.045139 2.465039
1 0.411344 0.589409 0.369271 0.081468 -2.070050
2 0.680017 0.463365 0.498472 0.075694 0.931743
