8 0.335486 0.292561 0.119701 0.095267 -0.280716
8 0.687494 0.713412 0.116863 0.095800 0.934541
6 0.504967 0.565795 0.151398 0.067842 1.172916
6 0.662694 0.337065 0.156304 0.068618 -1.465011
7 0.479469 0.669788 0.031163 0.040822 -0.002866
2 0.680176 0.447725 0.495688 0.074772 1.451771
7 0.174432 0.875501 0.033854 0.042850 -0.009149
5 0.238056 0.622839 0.154934 0.069337 2.486854
4 0.451849 0.996114 0.120624 0.048449 0.108782
4 0.244219 0.831521 0.122033 0.049306 -0.772000
1 0.428367 0.661753 0.369151 0.078955 -0.469960
2 0.669581 0.802140 0.496349 0.077225 -2.350772
1 0.345198 0.756545 0.368834 0.079562 -0.625422
5 0.248646 0.582058 0.149479 0.064583 -0.853181
3 0.688250 0.776482 0.306813 0.076673 0.613131
3 0.592033 0.222163 0.305629 0.074253 -1.048141
