9 0.445625 1.195153 0.123437 0.141806 0.000000
11 0.346667 0.534082 0.089583 0.115591 0.000000
10 0.280104 1.144634 0.047396 0.064823 0.000000
7 0.677813 0.749655 0.032813 0.041726 0.000000
7 0.422693 0.663884 0.032414 0.041384 0.000000
13 0.327875 0.727089 0.041687 0.042025 0.752152
12 0.087034 0.953701 0.073756 0.035652 -1.625552
2 0.566290 0.640193 0.488518 0.076646 0.614237
1 0.629278 0.838168 0.366993 0.077142 -1.899307
3 0.334087 0.781382 0.306771 0.071528 -3.019100
4 0.474460 0.784370 0.111459 0.047616 0.680963
5 0.277122 1.127043 0.151562 0.067210 2.625757
5 0.633469 1.029465 0.147240 0.066889 1.884852
6 0.593350 0.641922 0.152668 0.068750 1.097246
6 0.196732 0.519319 0.156276 0.067361 -2.621604
8 0.150780 1.136259 0.119109 0.095406 -2.891629
8 0.616116 0.947507 0.119420 0.095417 1.117179
