8 0.385444 1.052901 0.118229 0.096511 1.165109
8 0.605178 0.510081 0.118492 0.100694 1.210934
7 0.278082 0.655986 0.034600 0.045222 -0.003834
7 0.485262 0.799217 0.035365 0.045226 -0.011864
12 0.196580 0.947522 0.073114 0.035543 -2.935948
3 0.280479 0.715404 0.311255 0.075694 -2.772798
3 0.522394 0.347961 0.308929 0.074306 -1.882695
12 0.437114 0.494870 0.071465 0.032639 1.392476
4 0.349789 0.830285 0.120394 0.049306 1.366263
4 0.662608 0.728368 0.123998 0.050694 1.803871
13 0.422899 0.630974 0.042760 0.046175 1.048652
13 0.289096 0.516495 0.042006 0.045636 0.769679
