10 0.307121 0.406112 0.046033 0.063250 -0.003341
10 0.592875 0.802347 0.048438 0.060417 0.002561
9 0.456875 0.994682 0.123437 0.149683 0.007509
9 0.544099 0.636272 0.118229 0.163879 -0.004647
2 0.440019 1.058632 0.504101 0.079861 2.658574
5 0.741664 0.487915 0.152016 0.068246 1.750477
6 0.661466 0.299887 0.165120 0.074724 0.491024
1 0.570704 0.580084 0.373595 0.084683 3.237714
11 0.517165 0.305615 0.088362 0.123150 -0.006210
5 0.556065 0.817076 0.152733 0.068388 -0.835886
6 0.754973 0.727643 0.156935 0.071788 -0.126835
1 0.410551 0.806132 0.381414 0.079861 2.873618
2 0.498276 0.340648 0.500614 0.084101 0.814186
11 0.524375 1.178382 0.095312 0.124306 0.000000
