10 0.158686 0.216980 0.047396 0.061806 0.003827
10 0.654847 0.789771 0.045797 0.061070 -0.012020
9 0.546320 0.729322 0.120452 0.150694 -0.000285
9 0.424638 1.203278 0.111794 0.160889 -0.003992
11 0.661917 0.585125 0.086522 0.119597 0.009760
11 0.218653 1.070133 0.091522 0.114265 0.001662
5 0.670880 0.910771 0.155822 0.067361 1.851191
6 0.483352 0.565842 0.159584 0.071910 1.015484
6 0.404791 0.173458 0.159434 0.072569 1.068273
1 0.386945 1.252458 0.364203 0.085417 5.101236
2 0.750208 1.012465 0.486979 0.075694 5.737447
1 0.471213 0.409978 0.369614 0.078472 4.144212
5 0.333252 0.885019 0.150655 0.067982 -1.081740
2 0.549930 0.534867 0.497048 0.077083 4.048456
