9 0.596250 0.415251 0.112240 0.157706 0.000728
8 0.619052 0.965307 0.117990 0.095322 2.122154
11 0.475385 0.792508 0.085063 0.118572 -0.000134
10 0.698854 0.437059 0.047386 0.059408 0.011663
7 0.273745 0.232545 0.032813 0.043260 -0.003971
2 0.476449 0.979438 0.500346 0.077083 3.134012
5 0.696233 0.677178 0.153019 0.070139 1.217045
4 0.503900 1.084927 0.123610 0.047575 2.980161
3 0.581215 0.155111 0.303926 0.075694 1.810514
12 0.388923 0.299532 0.070117 0.034028 0.188134
6 0.473803 0.564509 0.154949 0.067203 1.121469
1 0.355310 0.570048 0.375933 0.083316 -2.360259
13 0.176945 0.333800 0.039466 0.042999 -1.943471
