9 0.672818 0.588069 0.121354 0.150694 0.009191
8 0.403245 1.120986 0.119260 0.099306 1.566704
11 0.416419 0.491235 0.087665 0.121997 -0.001702
5 0.286066 0.590309 0.153204 0.070139 1.684269
7 0.399002 0.873988 0.033854 0.047045 0.007473
10 0.663441 0.957579 0.050621 0.063145 -0.002969
1 0.355528 0.990959 0.366440 0.083363 0.238062
12 0.502044 0.384851 0.073473 0.035105 0.225985
13 0.502327 0.858665 0.039973 0.045872 1.448995
6 0.662636 1.170479 0.158261 0.071528 1.973451
4 0.647442 0.692617 0.123832 0.049306 1.274873
2 0.725538 0.553031 0.499479 0.078394 0.741196
3 0.404398 0.386335 0.308312 0.079383 1.017050
