8 0.669385 0.532153 0.121405 0.097389 1.166201
8 0.147593 0.794375 0.120321 0.093750 2.027263
7 0.407952 0.783014 0.032813 0.043750 -0.003124
3 0.504256 0.268617 0.309145 0.075694 -1.395072
7 0.311040 0.678758 0.034896 0.045139 -0.006000
3 0.457189 1.023653 0.307323 0.074306 -1.685026
13 0.496064 0.697250 0.039681 0.045139 1.393200
13 0.279844 0.439245 0.040325 0.045139 1.189072
4 0.628241 1.007639 0.120929 0.050694 1.402291
12 0.426060 0.459185 0.072117 0.034028 0.824254
4 0.463242 1.191361 0.125810 0.050694 2.209054
12 0.126485 0.535997 0.071160 0.035417 -1.303827
