7 0.259479 0.427201 0.037083 0.047455 0.000000
7 0.352292 0.857393 0.033333 0.046119 0.000000
2 0.637322 0.483208 0.506832 0.077973 -0.849557
2 0.642580 0.956059 0.494847 0.083132 -1.358621
1 0.690222 0.719433 0.368881 0.082820 0.315256
1 0.598963 0.616494 0.370113 0.088031 0.086229
8 0.627134 0.782938 0.118955 0.094931 1.688999
8 0.258904 0.620129 0.119370 0.100645 -2.098610
6 0.559846 0.347669 0.160630 0.071425 1.695882
6 0.598981 1.041334 0.158274 0.071974 2.072753
3 0.569150 1.034375 0.316113 0.068750 3.147514
3 0.361934 0.724618 0.306681 0.074485 -0.504071
5 0.671987 0.901263 0.152411 0.069721 2.398424
5 0.398072 0.429611 0.153956 0.066971 1.253075
4 0.352858 0.706514 0.121654 0.048966 1.072743
4 0.655891 0.819485 0.116470 0.047790 2.283442
