9 0.676380 1.103041 0.120313 0.162387 -0.006724
8 0.516842 0.624488 0.119728 0.099306 1.570796
11 0.308519 0.493664 0.091277 0.116335 0.005884
7 0.130675 0.421749 0.034720 0.045421 -0.007920
5 0.368835 0.747208 0.151859 0.067361 1.977036
1 0.799314 0.695837 0.371545 0.085646 0.261913
2 0.349033 0.846306 0.498822 0.077083 2.894856
10 0.505723 0.358157 0.050027 0.059592 -0.012618
3 0.524800 0.297435 0.311979 0.075694 1.214440
6 0.459680 1.048743 0.158599 0.071528 0.793835
4 0.345171 0.954924 0.126392 0.050694 -0.652271
12 0.579023 0.523574 0.070932 0.034028 -0.268479
13 0.194743 0.598540 0.042026 0.046528 1.119731
