10 0.475216 0.535407 0.046397 0.061080 0.002296
10 0.088064 0.202066 0.048058 0.064682 0.000767
9 0.683537 0.613299 0.121917 0.151922 -0.003960
9 0.346151 0.869238 0.115889 0.149018 0.009816
11 0.731605 0.866272 0.087460 0.121141 -0.007608
5 0.599845 0.697633 0.151139 0.067662 1.944039
5 0.437425 0.695111 0.152741 0.068438 1.593341
11 0.094062 0.798127 0.085938 0.122644 0.027452
6 0.376532 1.024947 0.158658 0.070810 1.813244
1 0.569307 0.352250 0.373999 0.082213 1.855157
1 0.757358 0.941155 0.366601 0.080588 1.878894
6 0.185729 0.517394 0.156771 0.071528 0.046835
2 0.417047 0.835521 0.501281 0.079861 3.553716
2 0.675880 1.257056 0.490198 0.081250 1.455549
