3 0.467930 1.178875 0.304902 0.074250 1.757987
2 0.609791 0.750626 0.494374 0.072640 -0.359515
1 0.289664 0.865757 0.367248 0.079861 -0.376605
5 0.453440 0.487176 0.149767 0.068638 1.237947
4 0.586899 0.761383 0.120933 0.049099 1.885437
6 0.650515 0.479603 0.156510 0.067807 1.419280
8 0.732134 0.826526 0.118060 0.091261 1.210179
12 0.286261 0.816499 0.071354 0.031608 1.455899
12 0.207767 0.825784 0.071847 0.033081 2.310379
13 0.227524 0.862451 0.038406 0.041860 -2.880379
13 0.248140 0.890136 0.041146 0.043883 -2.634214
9 0.179822 0.675795 0.114062 0.157317 0.000000
9 0.566027 0.927747 0.110937 0.159910 0.000000
11 0.312246 1.007377 0.087474 0.118005 0.000000
10 0.293553 0.874599 0.047065 0.060934 0.000000
10 0.275216 0.795339 0.043229 0.064483 0.000000
11 0.497671 0.565130 0.084896 0.116424 0.000000
7 0.513506 0.454067 0.030403 0.043750 0.000000
