8 0.709932 0.749049 0.119552 0.099306 1.317758
8 0.484075 0.647515 0.117837 0.099306 1.934312
6 0.744560 0.524951 0.157673 0.071528 1.270612
7 0.512818 1.151986 0.035294 0.045000 -0.003787
6 0.344712 0.673856 0.156533 0.071528 0.299418
5 0.240625 0.449205 0.148438 0.068750 2.823345
5 0.464249 0.832000 0.149435 0.070139 1.215960
1 0.695666 0.490783 0.368520 0.082434 -0.153018
1 0.825627 0.354349 0.379067 0.082113 0.406244
7 0.135526 0.430641 0.035473 0.044818 0.004529
3 0.621909 0.935700 0.307255 0.074469 1.051192
3 0.375325 1.053638 0.307212 0.072539 2.038531
2 0.416949 0.758744 0.497335 0.075933 -0.597204
2 0.648597 0.264915 0.501257 0.079597 0.961484
4 0.429155 0.422901 0.118623 0.050879 0.256831
4 0.211274 0.278520 0.125360 0.050694 1.263543
