8 0.588288 0.847243 0.119649 0.100694 1.179453
9 0.149953 1.029016 0.123265 0.150033 0.000926
11 0.430194 0.638610 0.091951 0.113000 0.004207
6 0.252536 0.398658 0.156785 0.071528 -1.877974
7 0.073391 0.695964 0.035808 0.044707 0.000068
1 0.472230 1.047228 0.370628 0.079997 2.801415
10 0.487630 1.001127 0.046672 0.064060 -0.003253
5 0.431890 0.781750 0.149315 0.070139 3.024309
2 0.746325 0.367742 0.497145 0.077083 -1.152326
4 0.240057 0.770507 0.122685 0.049306 0.586302
3 0.693670 0.651694 0.309152 0.078128 2.266913
12 0.506210 1.106334 0.069949 0.033946 1.133711
13 0.246375 0.581242 0.040959 0.044099 0.957215
