9 0.196793 0.535788 0.115390 0.160428 -0.002129
8 0.577451 0.891229 0.119419 0.099306 2.114855
11 0.433502 0.728469 0.090836 0.115576 0.014253
5 0.444064 0.995257 0.152759 0.070139 1.457358
7 0.414900 1.110601 0.034213 0.045161 -0.004215
2 0.445304 0.972833 0.490756 0.077083 -0.231208
10 0.297159 0.597489 0.044813 0.064269 -0.008855
1 0.542830 0.207324 0.370315 0.084840 -1.532939
6 0.611526 0.685131 0.157094 0.071528 1.657483
13 0.585500 0.553386 0.039344 0.045139 1.597630
12 0.375520 0.867007 0.074051 0.032639 1.825946
3 0.632377 0.473476 0.311123 0.077083 1.013555
4 0.346108 0.378112 0.126451 0.048372 -0.439442
