8 0.580939 0.575558 0.119816 0.099306 1.587920
8 0.642782 0.893092 0.120179 0.093851 1.415890
7 0.248079 0.700226 0.034570 0.044859 -0.005255
7 0.466419 0.727424 0.035294 0.045833 -0.004597
3 0.341582 1.048778 0.313339 0.075694 2.863009
3 0.621041 0.372135 0.304056 0.075694 -1.877322
12 0.202835 0.542202 0.071209 0.034028 -0.016306
4 0.290960 0.175139 0.122914 0.052083 -2.972095
12 0.415536 0.993694 0.071102 0.031250 1.218655
13 0.153113 0.359322 0.041973 0.046259 -0.871120
13 0.376602 0.804285 0.039707 0.045139 2.306316
4 0.144073 0.675238 0.123493 0.049306 2.789694
