9 0.509727 1.013979 0.118229 0.154861 -0.007666
8 0.505873 0.785909 0.119889 0.092720 1.308496
8 0.299458 1.135316 0.119228 0.098451 -2.079571
11 0.319833 0.553219 0.086979 0.121528 0.008594
6 0.358471 0.186848 0.157260 0.069021 1.497585
10 0.284110 0.849197 0.044271 0.061950 -0.064566
7 0.318534 0.831115 0.034059 0.044396 -0.031445
7 0.317027 1.111333 0.037377 0.047304 -0.008894
1 0.768127 0.435310 0.363712 0.079658 -0.696400
3 0.449201 0.612379 0.304334 0.072917 -1.854096
6 0.667622 0.845701 0.151776 0.070139 -2.167968
5 0.270447 0.490823 0.149327 0.067361 -0.607666
5 0.277595 0.939736 0.149562 0.067361 2.191020
4 0.609447 0.909400 0.116966 0.046285 -2.496134
2 0.649835 0.659117 0.495054 0.079115 1.423315
13 0.251704 0.826607 0.043408 0.042575 0.091268
12 0.207548 0.833361 0.072247 0.040972 -1.339369
