8 0.264217 0.479456 0.121876 0.099306 -1.258818
8 0.644745 0.287915 0.118229 0.093450 1.237147
3 0.512519 0.214808 0.307299 0.074306 -1.630069
7 0.478948 0.709250 0.033854 0.045139 0.005594
3 0.234334 0.905986 0.310871 0.074306 -2.879504
7 0.321843 0.986985 0.035400 0.045499 -0.009818
12 0.422667 0.426583 0.071321 0.034028 2.101972
13 0.585096 1.012432 0.041734 0.047711 2.890830
12 0.702892 0.394794 0.070648 0.034617 2.568597
4 0.577764 0.515559 0.123682 0.050694 1.252357
4 0.385617 0.816229 0.121838 0.050694 1.778991
13 0.702849 0.640596 0.040312 0.047241 0.687692
