9 0.406198 0.385458 0.124479 0.145139 -0.022273
9 0.153551 0.948032 0.116359 0.162745 0.003952
11 0.568050 0.518693 0.089610 0.119046 0.000378
8 0.479792 0.917299 0.119595 0.092557 2.057685
11 0.196987 0.639406 0.090477 0.118046 0.012516
10 0.229448 0.494284 0.048119 0.058167 -0.012571
6 0.228235 0.438953 0.155706 0.071528 0.864114
7 0.245262 0.869276 0.033751 0.045066 0.003436
3 0.543438 0.570942 0.308684 0.075694 0.388960
5 0.280175 0.729839 0.149849 0.071528 3.130772
12 0.333937 0.555607 0.071927 0.032639 2.592216
10 0.391629 0.749407 0.048366 0.059591 -0.005635
4 0.337917 0.868076 0.118018 0.049306 1.942608
1 0.609547 0.267051 0.368803 0.082586 -1.012993
12 0.370381 0.850090 0.069932 0.034028 1.416563
2 0.815205 0.782778 0.502775 0.077083 2.548357
13 0.155254 1.016661 0.038546 0.046752 2.680724
13 0.271530 0.390643 0.041654 0.043522 0.711991
