8 0.526917 1.060778 0.121541 0.099306 1.669729
8 0.629129 0.385144 0.119529 0.099306 1.340771
12 0.558235 0.526964 0.072356 0.034028 0.529625
7 0.386580 0.578508 0.033854 0.045139 -0.003172
7 0.426305 0.862021 0.034715 0.045251 -0.003829
3 0.302933 0.753875 0.307014 0.074306 -2.861187
12 0.463135 0.287730 0.075696 0.033740 1.080987
3 0.454020 0.868785 0.305530 0.079861 -3.098665
4 0.514682 0.654706 0.122249 0.049306 1.304781
13 0.513634 0.808375 0.041255 0.043750 0.249331
13 0.384985 0.467264 0.041324 0.045837 0.756864
4 0.355920 0.373382 0.122821 0.048969 -2.806670
