8 0.594345 0.401385 0.120076 0.099306 1.256828
8 0.276394 1.157306 0.119423 0.100694 2.475130
7 0.295306 0.909179 0.034919 0.045039 -0.010159
7 0.202830 0.610070 0.035309 0.045275 -0.010911
3 0.251584 0.923826 0.311979 0.075694 -2.922727
12 0.558549 0.605312 0.070515 0.034028 0.971453
4 0.578261 0.863535 0.121152 0.050694 1.380821
12 0.450818 0.742014 0.073701 0.032639 0.286679
3 0.429940 0.398244 0.314063 0.075694 1.124278
4 0.338250 0.553285 0.123481 0.050694 2.594801
13 0.410012 1.014706 0.040748 0.044134 2.306602
13 0.293092 0.794674 0.042564 0.044681 2.389440
