9 0.477964 0.757090 0.117622 0.157529 0.002046
9 0.280963 0.476983 0.123840 0.148922 0.005393
11 0.324519 0.853514 0.090104 0.109805 0.001799
6 0.198821 0.215575 0.160936 0.071438 0.180321
11 0.593839 0.430325 0.087356 0.123660 -0.007817
1 0.800090 0.918962 0.367044 0.081938 -3.028174
6 0.628605 0.679884 0.160418 0.072711 0.518053
5 0.535973 1.030214 0.153346 0.069414 -2.799638
10 0.389876 0.970706 0.044015 0.057495 -0.003636
2 0.923767 0.412826 0.498691 0.077083 -0.241432
2 0.361854 0.732003 0.498257 0.075694 3.069740
1 0.575290 0.260784 0.367812 0.080860 -1.508943
5 0.428242 0.492153 0.151488 0.068750 1.119042
10 0.193179 0.675159 0.045665 0.058146 0.000941
