9 0.590450 1.134456 0.113890 0.158383 -0.006353
8 0.702492 0.708033 0.118329 0.095390 1.431238
11 0.202107 0.429311 0.090104 0.120203 0.007313
7 0.541203 0.634771 0.033854 0.043750 -0.000544
1 0.592744 0.375941 0.368236 0.086164 -1.359118
10 0.305168 0.556295 0.046536 0.059974 -0.012337
5 0.475968 0.659360 0.152431 0.067361 -0.498778
6 0.644174 0.877569 0.157671 0.068750 1.976335
2 0.532827 0.993841 0.498466 0.075863 -2.722785
3 0.524362 1.083675 0.309036 0.073835 -2.540908
4 0.218866 0.741030 0.123669 0.045852 2.025697
12 0.523968 0.495633 0.071354 0.032653 0.557700
13 0.490683 1.155599 0.041146 0.044503 1.166792
