9 0.421904 0.256137 0.114082 0.162135 -0.004956
9 0.610062 0.777278 0.122396 0.158710 0.001021
11 0.443826 1.111259 0.091541 0.115990 0.000466
11 0.477018 0.409959 0.090104 0.107413 0.000554
8 0.294468 0.548425 0.120865 0.092566 0.541020
10 0.455297 0.786387 0.047399 0.061940 -0.034797
7 0.503310 1.000672 0.034676 0.044858 -0.007605
5 0.560697 0.590000 0.155530 0.070320 1.288504
10 0.330434 0.399801 0.046273 0.058486 -0.002350
3 0.372914 0.788979 0.306495 0.074306 2.846783
6 0.343907 1.027333 0.157441 0.071528 0.893347
1 0.578931 0.849806 0.373437 0.084028 1.940746
13 0.506883 0.298198 0.038921 0.045271 1.316769
2 0.399702 0.533139 0.496479 0.077083 0.415003
12 0.414002 0.674926 0.069271 0.031408 -0.680516
4 0.485790 0.501480 0.119783 0.047917 -1.054388
12 0.333064 0.536433 0.072927 0.033592 -1.952276
13 0.394113 0.723680 0.040104 0.042277 2.141019
