8 0.689494 0.831542 0.120416 0.099306 1.531434
8 0.598560 1.009271 0.119412 0.099306 1.368366
7 0.349388 0.739422 0.033054 0.045052 0.001833
7 0.324790 1.159431 0.034895 0.045112 -0.012243
3 0.412220 0.932347 0.308959 0.072917 -1.699748
3 0.493614 0.323162 0.308328 0.074306 -1.535083
13 0.250902 1.013278 0.040104 0.045139 2.026228
12 0.564208 0.525685 0.071541 0.032639 1.503459
13 0.187303 0.738819 0.043141 0.046528 1.059597
4 0.242951 0.614661 0.124092 0.047917 -0.656097
12 0.477516 0.788882 0.071008 0.040972 0.253335
4 0.330561 0.524702 0.120959 0.046979 1.045179
