9 0.298454 0.669304 0.119720 0.145556 0.000000
11 0.615208 0.439363 0.083854 0.113194 0.000000
10 0.128229 0.628938 0.048333 0.063487 0.000000
7 0.524456 0.849118 0.031771 0.046528 0.000000
7 0.335030 1.215948 0.033854 0.041813 0.000000
1 0.505633 0.944254 0.365328 0.080897 0.020560
2 0.843570 0.891168 0.495578 0.078933 2.716032
3 0.739101 0.644631 0.304285 0.070139 -1.051066
13 0.485834 0.648267 0.042605 0.042025 3.141593
12 0.288077 0.344023 0.070841 0.032066 0.024401
5 0.408542 0.500681 0.152396 0.064823 -1.570796
5 0.304806 0.966638 0.151174 0.066873 -2.298433
4 0.475726 0.828022 0.119890 0.048835 0.983614
6 0.576635 1.129225 0.154832 0.071408 2.211041
6 0.538465 0.334939 0.155368 0.072683 -2.130124
8 0.243437 0.525244 0.120313 0.097917 1.520738
8 0.332085 1.035964 0.119483 0.093303 -3.031039
