8 0.149108 0.601723 0.119354 0.100694 1.016172
9 0.636911 0.731360 0.121354 0.153588 -0.005366
11 0.425096 0.854563 0.086483 0.120139 0.004320
7 0.440993 0.583371 0.034448 0.045471 -0.010305
6 0.568653 0.908772 0.155358 0.068724 2.950589
13 0.353959 0.406520 0.038401 0.042685 1.356333
1 0.452964 0.313098 0.369271 0.079594 -1.808830
10 0.203410 0.426489 0.045454 0.058113 0.001548
5 0.373100 0.637878 0.151403 0.066121 0.208628
12 0.211268 0.750771 0.072836 0.032639 1.721919
4 0.536125 0.418885 0.122562 0.048191 -2.378221
3 0.531305 1.010243 0.309457 0.074306 2.294862
2 0.487622 1.083547 0.492431 0.078914 -0.903025
