8 0.256729 1.051652 0.117226 0.093694 -2.721928
8 0.569040 0.443097 0.118365 0.099306 1.606595
3 0.362967 0.721856 0.308747 0.074306 -3.053287
7 0.068721 0.581616 0.032532 0.039884 0.007202
6 0.419057 0.290087 0.153579 0.067361 0.520759
5 0.395728 0.716387 0.150734 0.067361 -2.736177
3 0.770060 0.851806 0.306348 0.075694 -3.022738
4 0.736040 0.829575 0.120257 0.047595 3.116811
6 0.562303 0.692456 0.154956 0.067332 2.592763
4 0.350439 0.602999 0.121151 0.047493 0.608174
2 0.380139 0.615710 0.495069 0.077083 -2.755556
1 0.621747 1.129109 0.366022 0.080802 -0.560802
1 0.734654 1.061208 0.361162 0.077083 -0.655498
2 0.750109 0.500572 0.498030 0.075293 1.644458
5 0.692907 0.638879 0.151126 0.068674 1.009535
7 0.725417 0.678370 0.030521 0.040775 0.000000
