9 0.139798 0.477224 0.118223 0.158410 -0.004082
8 0.717034 0.721978 0.121286 0.099306 1.526219
11 0.511330 0.723449 0.088426 0.122538 0.005322
7 0.346202 0.585009 0.033854 0.045139 0.006645
6 0.369468 0.191404 0.157106 0.072917 1.756296
2 0.556333 0.382791 0.500257 0.077083 1.921512
10 0.136125 0.708946 0.046761 0.060652 -0.030243
5 0.470167 0.886006 0.154085 0.068346 2.729479
1 0.452021 1.087500 0.373329 0.077083 2.074522
12 0.595340 0.913802 0.075460 0.033701 0.926945
3 0.725888 0.356487 0.309047 0.075694 2.387141
4 0.310400 0.724992 0.122731 0.047804 -2.709004
13 0.235230 0.515154 0.040104 0.043951 -0.717838
