9 0.390833 1.186292 0.115104 0.153472 0.000000
1 0.475163 0.570065 0.367051 0.078734 2.003204
6 0.147657 0.828225 0.154681 0.070534 -0.625485
2 0.748616 0.748156 0.495045 0.086825 4.551204
2 0.421079 0.948438 0.490596 0.081250 6.079435
1 0.696773 0.240972 0.372714 0.092361 1.604638
6 0.590268 0.541177 0.164591 0.076157 1.910089
5 0.671719 1.109132 0.150730 0.075694 1.252204
5 0.765284 0.918766 0.154099 0.073047 0.422854
11 0.636354 0.926870 0.088646 0.127615 0.000000
11 0.626042 0.432545 0.088646 0.127615 0.000000
10 0.490104 0.389793 0.052083 0.066159 0.000000
10 0.447917 1.084517 0.051146 0.066159 0.000000
9 0.257604 0.344369 0.117708 0.171703 0.000000
