8 0.479996 0.910583 0.118372 0.099306 1.417094
8 0.509178 0.498637 0.119029 0.100694 1.063836
7 0.471661 1.083344 0.034405 0.045605 -0.001434
7 0.198732 0.562068 0.034587 0.045957 0.004340
12 0.605974 0.628828 0.071418 0.032639 1.726720
13 0.280670 0.710951 0.042408 0.045139 1.322634
4 0.325682 0.903382 0.124096 0.050694 3.105224
3 0.281937 0.860708 0.307668 0.075694 -3.089820
12 0.437293 0.702071 0.072936 0.032639 0.877979
3 0.415707 0.383572 0.308115 0.077083 1.095042
4 0.338777 0.523012 0.125521 0.050103 0.938701
13 0.566890 0.742965 0.041113 0.040972 2.068775
