8 0.273701 0.454761 0.120046 0.093420 0.188576
8 0.427606 0.967778 0.118278 0.095807 1.199451
7 0.482235 0.552539 0.034203 0.044951 -0.007748
3 0.222303 0.878854 0.308539 0.074306 -3.050855
7 0.189763 0.662647 0.033854 0.045139 -0.016809
12 0.308316 0.647310 0.071547 0.031624 0.314291
3 0.538735 1.205597 0.307162 0.075694 1.566190
12 0.250575 0.954185 0.070745 0.031980 0.326534
4 0.637884 0.938903 0.121642 0.049306 1.238783
4 0.686762 0.706821 0.121962 0.049581 -1.145547
13 0.412160 0.773654 0.039062 0.042308 1.831898
13 0.410984 0.406298 0.037421 0.042841 1.127328
