8 0.709041 0.697505 0.118229 0.093890 1.651096
8 0.203099 0.510645 0.119257 0.095075 0.600087
7 0.492644 0.539003 0.033934 0.045186 0.002998
3 0.226095 0.843424 0.308360 0.074306 2.993372
7 0.255149 1.064076 0.035480 0.045708 -0.007539
12 0.522391 0.728125 0.070674 0.032639 1.595502
4 0.305947 0.658504 0.125031 0.051120 -1.520991
12 0.393055 0.408822 0.071917 0.032925 1.149059
3 0.610933 0.298753 0.308033 0.072917 -0.594474
4 0.668257 0.917465 0.121119 0.046528 1.059876
13 0.400359 0.811376 0.040029 0.042613 2.451465
13 0.255672 0.885483 0.038426 0.043328 -2.655768
