9 0.560458 0.407180 0.113390 0.162742 0.004358
8 0.193248 0.445661 0.120090 0.100694 1.127947
11 0.372852 0.242160 0.095009 0.108384 0.002585
7 0.060249 0.726993 0.033854 0.045139 -0.001854
3 0.416842 0.542278 0.308245 0.074306 -1.747959
6 0.467169 0.807507 0.157648 0.072917 -0.264909
10 0.255293 0.341218 0.044984 0.064340 -0.005241
1 0.749968 1.016987 0.365114 0.083099 -1.445463
12 0.614459 0.547267 0.072710 0.034028 1.643948
6 0.614451 0.724682 0.153881 0.068492 -2.147646
2 0.500852 1.030847 0.493120 0.077083 -1.188428
13 0.643437 0.857449 0.038436 0.047522 1.499749
4 0.288785 0.751933 0.123560 0.048005 -2.078924
