11 0.313182 1.010518 0.089522 0.117897 -0.000728
8 0.487939 0.961951 0.121507 0.099306 1.710741
9 0.192618 1.200666 0.120822 0.151095 -0.000019
6 0.174542 0.459177 0.159669 0.071528 -1.623947
7 0.175165 0.540709 0.034772 0.046050 -0.006644
10 0.196883 0.782151 0.044084 0.065817 -0.009584
2 0.727129 0.590733 0.499307 0.077083 1.916122
1 0.496607 0.373318 0.371234 0.088446 -1.543537
4 0.555665 0.784889 0.123460 0.049306 0.837003
5 0.373584 0.690207 0.150406 0.068750 -2.028291
13 0.117554 0.647871 0.040452 0.044625 1.259747
12 0.439414 0.659190 0.070767 0.034028 0.365853
3 0.278318 0.951993 0.303439 0.075694 -0.590578
