7 0.347604 0.803952 0.035208 0.043447 0.000000
7 0.446042 0.793265 0.037083 0.043447 0.000000
2 0.787324 0.594491 0.499335 0.070745 2.661497
2 0.487653 0.506093 0.498119 0.075645 -2.485792
1 0.873929 0.634398 0.365045 0.083760 -0.238528
1 0.486267 0.774275 0.371596 0.077605 -1.613954
3 0.630489 0.974449 0.307541 0.074481 -2.646008
4 0.487614 0.839653 0.109916 0.048042 -0.902192
4 0.402965 0.675101 0.126242 0.052941 -2.389440
8 0.450261 0.484301 0.121459 0.096192 -0.570798
8 0.591911 0.930318 0.123510 0.093094 1.867175
6 0.547098 0.517600 0.167008 0.069267 3.051655
6 0.389705 0.874702 0.159722 0.067377 2.039452
5 0.482357 0.915082 0.148151 0.067969 2.738423
5 0.263535 0.979372 0.151133 0.062951 0.505043
3 0.763396 0.417293 0.312730 0.074398 0.279419
