10 0.182597 0.340322 0.049257 0.064745 0.006600
10 0.324443 0.682925 0.044331 0.059911 -0.001145
9 0.136945 0.501474 0.121431 0.151299 -0.005484
11 0.210383 1.006888 0.089203 0.113818 -0.012355
9 0.532412 1.114225 0.114307 0.156449 0.000693
11 0.491916 0.292159 0.089571 0.117154 0.008653
5 0.550812 0.742431 0.153811 0.067361 1.636145
6 0.392408 1.182904 0.156864 0.070085 2.243502
6 0.704568 0.961654 0.159094 0.071363 2.312226
1 0.385792 0.901389 0.376897 0.083333 5.104676
1 0.640208 0.491474 0.368229 0.078472 -0.822806
2 0.488602 0.774684 0.498142 0.078424 1.979974
2 0.881900 0.512314 0.495362 0.085417 5.947764
5 0.380468 0.583538 0.154959 0.076829 -0.908067
