9 0.561267 0.797998 0.119271 0.163023 0.006220
8 0.530736 0.597453 0.119385 0.097917 1.524748
11 0.356777 0.349224 0.093231 0.117361 0.006653
7 0.244131 0.454883 0.034466 0.045224 0.001243
3 0.279018 0.402918 0.310919 0.079027 -3.116015
10 0.334016 0.657428 0.045066 0.063626 -0.004291
6 0.654966 0.938618 0.159337 0.072917 2.498803
12 0.479834 0.409703 0.071758 0.034028 -0.688506
2 0.813577 0.491179 0.501497 0.079174 -0.436399
5 0.158345 0.831806 0.151669 0.070139 -3.125467
1 0.599868 0.988431 0.368690 0.080903 2.634859
4 0.399225 1.138326 0.124296 0.047917 0.911943
13 0.253126 0.939187 0.039797 0.045500 2.956460
