9 0.230108 0.221456 0.120313 0.152083 0.003637
9 0.292273 0.861259 0.120600 0.151866 -0.007165
8 0.638215 0.268827 0.121961 0.099306 0.800570
11 0.636663 0.134553 0.087752 0.124307 0.004081
6 0.305711 0.644887 0.159901 0.072893 1.395877
10 0.525207 0.184295 0.047396 0.064583 -0.002106
7 0.183383 0.480055 0.035517 0.045934 -0.002000
3 0.700630 0.682171 0.307812 0.071528 0.023341
11 0.695453 0.629379 0.085938 0.117038 0.029616
12 0.397819 0.547677 0.070900 0.034028 0.660480
4 0.244081 0.328965 0.121931 0.049306 1.386025
10 0.237714 0.400761 0.043229 0.062952 -0.006349
12 0.729617 0.341907 0.072432 0.035417 -2.903690
5 0.391012 0.432783 0.150385 0.070139 0.344881
13 0.450379 0.376972 0.037921 0.045139 2.068946
1 0.656882 0.331147 0.372739 0.079682 -0.750568
2 0.301329 0.557675 0.492667 0.077083 3.125599
13 0.457242 0.121999 0.040531 0.043101 0.629081
