9 0.492200 0.601122 0.107362 0.159642 -0.002437
9 0.146322 0.829543 0.112395 0.160128 0.007464
11 0.414599 0.477643 0.084787 0.117060 0.006252
8 0.711497 0.656484 0.118734 0.091584 1.629724
11 0.135339 1.033014 0.088021 0.121528 -0.002775
10 0.318916 0.296607 0.044271 0.062967 -0.018607
1 0.720854 0.772306 0.366146 0.081250 -2.938727
3 0.419041 1.058596 0.323421 0.074900 0.030735
7 0.480128 0.811829 0.035510 0.045477 0.002780
13 0.451407 0.838806 0.033854 0.045139 0.006337
2 0.561875 0.803403 0.498437 0.077083 -3.101826
5 0.183279 0.534260 0.155931 0.068750 2.838763
10 0.710016 0.542183 0.046354 0.062697 -0.000153
12 0.147948 0.408337 0.071705 0.035417 -0.367711
12 0.400926 0.324092 0.071074 0.030230 0.764560
6 0.587123 0.392523 0.157246 0.073689 -2.066390
4 0.304207 0.308923 0.121009 0.049306 2.032871
13 0.678586 0.398939 0.041506 0.043277 2.056791
