8 0.497538 0.554836 0.118409 0.096221 1.354438
8 0.696225 0.620397 0.118565 0.096397 -0.511069
6 0.482260 1.011837 0.153233 0.068035 3.037540
6 0.629001 0.454549 0.158315 0.068750 1.475201
5 0.286968 0.452938 0.147992 0.067529 -0.285353
1 0.526339 0.625434 0.367134 0.080873 -0.218633
7 0.179244 0.667972 0.032464 0.041107 0.000145
2 0.727877 1.010285 0.498437 0.075694 3.014630
2 0.645273 0.309777 0.498358 0.078472 1.695647
5 0.364105 1.088576 0.151951 0.068750 -2.696018
7 0.616966 0.794944 0.031681 0.043750 0.001587
1 0.416373 1.030122 0.370558 0.084286 -2.367238
3 0.309419 0.848263 0.306651 0.070608 0.891248
3 0.735510 0.945427 0.305707 0.072549 0.535109
4 0.762396 0.525710 0.121354 0.048080 0.570798
4 0.460597 1.181392 0.119631 0.050160 -2.854306
