10 0.419050 0.504640 0.046868 0.063332 -0.007977
10 0.351251 0.656366 0.047361 0.064960 -0.005263
9 0.239502 0.659505 0.121719 0.150851 -0.000280
11 0.302182 0.484591 0.087959 0.122144 0.018611
9 0.560629 0.691132 0.116653 0.159031 0.001022
11 0.678084 0.804176 0.090543 0.120560 0.001942
5 0.368945 1.053722 0.159452 0.067361 2.757132
5 0.727804 0.560040 0.160921 0.065972 2.212120
2 0.722599 0.816764 0.506761 0.077083 2.586792
6 0.184491 0.963889 0.160403 0.070139 1.729863
1 0.438019 0.352165 0.378225 0.085758 4.294802
2 0.782155 0.429199 0.503998 0.082178 5.938837
6 0.401735 0.874160 0.161283 0.074306 5.542284
1 0.492887 0.935778 0.366086 0.082639 5.207999
