10 0.442223 0.448938 0.047586 0.062375 -0.007699
11 0.609251 0.435414 0.089606 0.117973 -0.008221
9 0.292017 0.472847 0.114133 0.158135 -0.006904
13 0.391736 0.835862 0.043784 0.045808 1.767463
12 0.358377 0.902937 0.076441 0.038333 2.230607
4 0.443874 1.035031 0.127436 0.054034 0.773261
8 0.554807 1.109076 0.126176 0.097917 2.664834
6 0.431700 1.204823 0.159590 0.069465 1.784757
7 0.492833 0.740562 0.032876 0.044028 0.001252
1 0.387811 0.915042 0.367809 0.081250 6.203125
5 0.638399 0.846297 0.154257 0.067220 -3.040770
2 0.706387 0.214279 0.498712 0.079861 4.756559
3 0.608544 0.618006 0.304097 0.075315 -1.615770
