7 0.352463 0.546951 0.035551 0.045139 0.000000
1 0.470289 0.464659 0.371515 0.083627 -1.533028
1 0.753725 0.594950 0.372138 0.082352 0.630439
2 0.505816 0.448027 0.502569 0.077083 6.264550
2 0.734513 0.640118 0.508088 0.079167 -2.298621
3 0.494741 0.501146 0.306045 0.071096 -1.623205
3 0.616785 0.653475 0.306383 0.076490 -1.439603
4 0.376693 0.765838 0.124323 0.050050 -2.189886
4 0.378335 0.915945 0.121983 0.048320 0.248485
5 0.544507 0.807453 0.146827 0.063808 -2.692458
5 0.490099 0.598476 0.146760 0.070699 -2.843343
6 0.443331 0.686013 0.160100 0.066748 2.693417
6 0.300371 0.598037 0.151680 0.061806 3.090370
8 0.383779 0.226654 0.121621 0.093922 0.395663
8 0.588913 0.585070 0.130639 0.100000 -0.202312
