9 0.229018 0.638252 0.122536 0.147917 -0.073147
8 0.148701 0.846132 0.117993 0.100694 1.282733
11 0.398536 1.008519 0.089386 0.118635 -0.003181
6 0.677424 0.888188 0.155233 0.071528 0.189009
10 0.289920 0.671378 0.045312 0.063053 -0.003291
7 0.375957 0.509970 0.034773 0.045212 -0.030349
1 0.689369 0.769975 0.366146 0.080838 -0.000802
3 0.403635 1.082056 0.305478 0.078472 -1.274914
2 0.727091 1.179194 0.497959 0.075694 1.312394
12 0.332439 0.491786 0.072246 0.034028 -2.482573
5 0.474190 0.721484 0.153689 0.067361 -0.908853
4 0.454414 0.497489 0.123189 0.047917 0.485931
13 0.663245 0.534055 0.041729 0.043701 -1.341202
