10 0.528117 0.501175 0.045824 0.062583 0.002201
9 0.550992 0.393510 0.115575 0.161907 -0.003825
11 0.623539 0.932620 0.088265 0.121128 0.009122
12 0.475625 0.572177 0.076563 0.036806 1.458461
13 0.478163 0.780425 0.045503 0.045976 2.136253
7 0.379410 0.506586 0.034121 0.049329 -0.055659
4 0.423383 0.206858 0.127703 0.059674 1.700510
8 0.408725 0.419788 0.122763 0.098093 1.219036
5 0.354499 0.951770 0.156810 0.071874 4.086383
1 0.619745 0.917021 0.376052 0.079861 2.305719
2 0.457812 0.595860 0.504061 0.078827 3.530336
3 0.467853 1.097271 0.314144 0.074306 4.086383
6 0.402029 0.632059 0.158767 0.071405 1.724502
