9 0.530163 1.303081 0.122135 0.153731 0.004510
9 0.658699 1.205484 0.113628 0.160662 -0.000170
11 0.539144 0.728745 0.086302 0.115762 0.009193
11 0.363438 1.011556 0.090731 0.116946 -0.003398
8 0.515960 0.619894 0.118229 0.089590 1.092246
7 0.455893 1.152694 0.033854 0.043750 0.002332
10 0.532863 1.033127 0.046553 0.061087 -0.005731
3 0.620536 0.506442 0.306620 0.075694 -1.406860
13 0.373377 0.564416 0.030198 0.043750 -1.652729
6 0.699232 0.935264 0.158682 0.071528 2.289935
10 0.606907 0.601663 0.045928 0.060577 -0.013768
5 0.389210 0.858403 0.144271 0.068750 1.696852
12 0.437339 0.666650 0.070691 0.034028 -0.187886
1 0.434894 0.740690 0.368223 0.081268 -3.043537
4 0.719419 0.812257 0.117120 0.050694 0.541648
12 0.494296 0.787792 0.071339 0.032639 0.732559
2 0.688963 1.013444 0.499019 0.078472 -2.401695
13 0.531146 0.795424 0.037043 0.040972 2.189886
