10 0.382687 1.054951 0.051937 0.061806 6.278871
10 0.645521 0.826549 0.052604 0.064583 0.003485
9 0.542902 0.464124 0.114062 0.159028 0.003006
11 0.551239 1.155426 0.094089 0.111630 -0.002306
11 0.283877 0.309198 0.089169 0.119496 -0.018695
5 0.250958 0.976287 0.152229 0.078157 1.278002
9 0.318296 0.807029 0.123780 0.148460 0.021985
6 0.366208 0.677488 0.158517 0.072011 0.384685
6 0.726541 1.029473 0.158437 0.071682 -2.765556
1 0.569992 0.751354 0.372172 0.079861 0.311921
5 0.433946 0.328964 0.163830 0.068750 0.269463
2 0.833279 0.749043 0.501245 0.080586 0.645532
2 0.367005 0.644420 0.500572 0.077083 3.379566
1 0.694841 0.235207 0.376244 0.084309 2.063931
