9 0.202360 0.836239 0.120910 0.145866 -0.010117
8 0.362079 0.451769 0.121899 0.099306 1.479259
11 0.126398 0.530346 0.091608 0.118573 0.001628
10 0.315704 0.628004 0.045292 0.059902 -0.004255
3 0.604544 0.294615 0.306771 0.078517 1.649286
6 0.594143 0.522849 0.156256 0.072917 1.355646
7 0.239637 0.330555 0.033854 0.045139 -0.001688
1 0.634389 0.953544 0.366146 0.085019 1.345064
5 0.198786 0.340168 0.156641 0.070139 -0.126899
12 0.325597 0.117774 0.072542 0.034717 0.382477
2 0.552918 0.890222 0.500536 0.077083 -2.033114
4 0.308361 0.718495 0.126487 0.050954 2.242615
13 0.099058 0.628350 0.040795 0.045752 -2.357195
