9 0.598167 0.450507 0.120313 0.158517 0.003463
11 0.292170 0.762192 0.091344 0.116121 0.003381
8 0.227840 0.523340 0.120701 0.099306 1.536361
7 0.638724 0.909410 0.034397 0.045084 -0.002336
3 0.287693 0.868014 0.304897 0.074306 -0.321915
10 0.411112 0.839606 0.045995 0.063045 -0.005424
6 0.620866 0.658946 0.155721 0.068750 2.718390
2 0.538887 0.272413 0.498365 0.083033 -1.940059
13 0.695834 0.570675 0.038335 0.046528 1.584922
4 0.421709 0.600490 0.124309 0.050694 2.334211
1 0.576402 1.048707 0.367508 0.081206 -2.061513
5 0.386934 0.927083 0.152437 0.067361 -1.425993
12 0.336440 0.383635 0.072470 0.032639 0.949471
