9 0.661875 1.018333 0.121354 0.154375 0.004250
8 0.663693 0.171160 0.123502 0.097917 0.986497
11 0.243572 0.629274 0.087923 0.119281 0.015237
7 0.568440 0.677437 0.034641 0.045020 0.004142
6 0.470916 0.732118 0.157743 0.071528 2.771079
5 0.736607 0.528170 0.154755 0.069231 -0.298157
2 0.366737 0.845056 0.494707 0.074306 -0.139708
10 0.563808 0.558828 0.048761 0.057082 -0.017308
1 0.507054 0.951383 0.370696 0.079850 2.987835
12 0.657887 0.684127 0.073378 0.034028 -2.709829
3 0.417805 0.262817 0.312370 0.074306 0.730276
4 0.417809 0.442375 0.122465 0.047917 0.866813
13 0.522658 0.329360 0.041083 0.045475 2.254448
