9 0.249348 0.515861 0.106359 0.158555 0.002439
8 0.134397 0.362453 0.117560 0.096411 1.515525
11 0.508971 0.817882 0.083993 0.122917 0.008136
7 0.258879 0.742660 0.033553 0.043750 0.005801
10 0.680389 0.646804 0.046850 0.059028 -0.009990
12 0.447674 0.968139 0.070577 0.032639 1.454840
6 0.213316 0.745614 0.155122 0.067936 -0.429567
1 0.515204 0.761722 0.368998 0.077083 -2.885920
3 0.691250 0.253183 0.307812 0.075694 1.834093
4 0.737184 0.766012 0.125305 0.050400 -1.699631
5 0.671274 0.462077 0.152860 0.070448 2.172030
2 0.599882 0.406834 0.497577 0.077530 -0.804513
13 0.183308 0.585530 0.041304 0.047479 1.974801
