9 0.379230 0.711506 0.109371 0.161526 -0.003466
8 0.369498 0.963243 0.121666 0.099306 1.564550
11 0.665890 0.809350 0.090133 0.117589 0.000295
10 0.509765 0.939653 0.047540 0.060417 -0.000307
7 0.534521 0.743415 0.033708 0.045441 0.000736
12 0.479623 0.710894 0.076758 0.035081 0.434537
6 0.206748 0.683822 0.156968 0.068750 1.101303
2 0.705565 0.307024 0.493505 0.077083 -1.334031
13 0.394674 0.423047 0.040065 0.047917 1.702419
1 0.490911 0.496511 0.372721 0.077083 -1.298308
3 0.337960 1.119972 0.309240 0.075694 -1.268664
5 0.668004 0.612388 0.151018 0.068750 1.156578
4 0.236158 0.815111 0.124892 0.050694 1.241826
