9 0.456844 0.988148 0.114884 0.160407 -0.005952
8 0.601617 0.697003 0.121161 0.090972 -0.883084
9 0.348154 0.362459 0.123304 0.148102 0.007818
11 0.584737 0.567829 0.089443 0.118789 0.006274
11 0.482614 0.546637 0.090104 0.115576 -0.000008
10 0.365865 0.734048 0.044271 0.063679 -0.005507
10 0.496632 0.846929 0.046354 0.062094 -0.017206
6 0.708482 0.482742 0.157840 0.070139 -0.541137
12 0.372852 0.568706 0.071446 0.032639 1.729829
7 0.204885 0.638010 0.033854 0.045139 0.007123
2 0.744781 0.379411 0.500396 0.077083 1.132468
13 0.217197 0.380977 0.040090 0.046528 1.718961
5 0.319814 0.731528 0.153646 0.068750 -2.767771
3 0.623972 0.131390 0.305425 0.075694 -1.989752
12 0.686359 0.625508 0.070696 0.034028 -2.501967
4 0.271148 0.528219 0.119143 0.049306 -0.685547
1 0.712141 0.794785 0.370156 0.075694 2.301975
13 0.476956 0.200510 0.034627 0.045139 -2.249181
