8 0.421094 1.042563 0.119713 0.099306 1.620846
8 0.728404 0.377801 0.120703 0.099306 1.160985
3 0.368602 0.195128 0.310540 0.075694 -1.811614
7 0.436075 0.758060 0.036729 0.046537 0.024594
12 0.477065 0.345288 0.071838 0.031250 1.895459
7 0.423760 0.800243 0.032091 0.044944 -0.000093
3 0.257280 0.981637 0.319511 0.075857 2.641298
12 0.648241 0.749972 0.072429 0.035417 -2.778093
13 0.677253 0.628342 0.040861 0.044110 0.989378
4 0.653529 0.241208 0.127547 0.050951 0.618127
4 0.268502 0.516909 0.122709 0.047799 -2.647770
13 0.345961 0.459423 0.040902 0.046063 0.605651
