8 0.666690 0.515660 0.120817 0.099306 1.615960
8 0.729443 1.143861 0.120260 0.099306 1.992388
7 0.516267 0.806522 0.032813 0.045781 0.000522
7 0.438573 0.389235 0.034987 0.046738 -0.004149
12 0.511514 1.159143 0.073935 0.033801 2.314641
3 0.291976 1.113813 0.312024 0.074306 -2.907746
3 0.506511 0.626168 0.306811 0.075694 -2.973849
12 0.341847 0.290142 0.073438 0.034028 -0.665108
4 0.210680 0.522301 0.121113 0.052083 -2.946250
13 0.605648 0.624780 0.041161 0.046112 0.594250
4 0.601817 0.972789 0.122030 0.049453 -2.175848
13 0.406959 1.034309 0.042548 0.044271 0.194239
