8 0.416231 0.889558 0.118118 0.096033 1.176002
11 0.312617 0.614950 0.090104 0.111729 0.002423
9 0.464148 0.452123 0.118026 0.151515 0.005205
5 0.323449 0.253769 0.151312 0.067135 -3.044382
7 0.503713 0.571035 0.033854 0.043269 0.003632
6 0.557609 0.965126 0.157587 0.071349 0.832335
10 0.491642 0.693965 0.043229 0.060672 -0.010060
12 0.337419 0.708197 0.071913 0.031976 -0.469669
1 0.689989 0.269503 0.364846 0.082618 2.031014
13 0.635206 0.806125 0.039026 0.045139 1.328089
3 0.351983 0.893257 0.308385 0.072917 -3.120800
2 0.332847 0.616694 0.499757 0.080415 -2.983190
4 0.591474 0.492192 0.124510 0.050516 0.929766
