7 0.390729 0.868084 0.035208 0.043447 0.000000
2 0.531378 0.566729 0.501194 0.079350 -0.689280
2 0.701812 0.922950 0.498936 0.075692 -1.785316
1 0.489173 1.106313 0.364283 0.081694 1.065451
1 0.601184 0.581634 0.370805 0.077095 -0.276567
3 0.654808 1.001563 0.311178 0.072598 2.624804
3 0.367855 0.818041 0.307292 0.084845 -0.899652
8 0.232822 0.718385 0.119706 0.094085 -2.504068
8 0.632593 0.715905 0.122373 0.099813 1.094451
6 0.658333 0.946896 0.149479 0.070139 5.612787
6 0.418355 0.460299 0.158898 0.072235 1.169111
5 0.324279 0.617918 0.146995 0.064160 -1.322867
5 0.335913 0.464340 0.155262 0.066956 0.902632
4 0.344674 0.747456 0.122161 0.050690 0.549018
4 0.584358 0.541297 0.123404 0.052535 -0.137176
7 0.384080 0.225762 0.031912 0.020345 0.000000
