9 0.616812 0.568464 0.120313 0.155788 -0.001656
11 0.330183 1.071224 0.089001 0.118463 0.005590
8 0.312232 0.463892 0.122199 0.099306 1.847456
6 0.618655 0.388728 0.162268 0.071715 1.569930
7 0.240559 0.759368 0.032813 0.043750 -0.006022
3 0.480237 0.282743 0.313194 0.075694 1.390871
1 0.707084 0.762090 0.375430 0.077083 1.638533
12 0.259883 0.883269 0.074193 0.034247 -2.032458
10 0.104099 1.053948 0.049268 0.067243 -0.005289
2 0.343171 0.661410 0.499783 0.075694 -3.095058
5 0.527500 0.919319 0.150991 0.067361 2.534545
13 0.377615 0.499575 0.042080 0.045139 1.857375
4 0.684925 0.927806 0.122996 0.050042 0.707976
