9 0.366295 1.048667 0.112515 0.153472 0.014777
8 0.171251 1.039014 0.118225 0.099306 -1.164865
8 0.333407 0.691240 0.118229 0.097003 0.380965
6 0.534459 0.438231 0.155968 0.071528 0.292609
11 0.503099 1.094924 0.091146 0.112974 0.000645
6 0.320749 0.540758 0.154190 0.066526 0.337161
7 0.301319 1.173884 0.034893 0.045185 -0.009083
7 0.427762 0.794222 0.032813 0.043750 -0.020788
1 0.277808 0.721313 0.364063 0.077083 0.084440
12 0.355773 0.906806 0.070647 0.032639 1.572876
5 0.179840 1.186445 0.151130 0.071042 -0.753761
4 0.539665 0.813372 0.121687 0.048146 1.545308
5 0.285502 0.488118 0.148545 0.067688 -0.091589
10 0.405356 0.899833 0.045312 0.056250 -0.059394
3 0.444108 1.147507 0.310077 0.077083 2.504289
13 0.138785 0.787160 0.042292 0.046528 0.422229
2 0.562859 0.778361 0.492171 0.075694 0.995736
