8 0.612869 0.307047 0.120540 0.099306 1.271827
8 0.363992 0.730216 0.125395 0.101675 1.167155
7 0.389523 0.845941 0.034521 0.044980 -0.003075
13 0.353819 0.488431 0.042485 0.046528 1.455098
7 0.507935 0.488842 0.034753 0.045240 -0.036736
12 0.520856 0.797250 0.072426 0.035417 -1.232413
3 0.443934 0.305008 0.309491 0.075694 1.095923
12 0.460110 1.135111 0.072396 0.032639 1.308801
3 0.321190 0.583669 0.308139 0.075694 -2.368443
13 0.220564 0.970780 0.040794 0.044656 1.402259
4 0.184309 0.842755 0.122758 0.047872 0.503883
4 0.626921 0.642587 0.122560 0.048104 -2.031424
