8 0.483330 0.871910 0.120454 0.099306 -2.250593
8 0.309414 1.097826 0.117968 0.097917 -2.912109
6 0.458942 1.197817 0.155182 0.068481 -2.956513
7 0.053898 0.679383 0.033854 0.042525 0.002360
4 0.641480 0.887042 0.121398 0.049306 2.288205
3 0.358787 0.773108 0.306869 0.070521 3.108281
2 0.930182 1.013903 0.498437 0.077083 3.030356
1 0.668021 0.999363 0.371354 0.084226 1.945131
6 0.550159 0.661269 0.154622 0.068750 2.378062
7 0.710625 0.585696 0.032813 0.045139 -0.060745
1 0.614790 1.092773 0.371767 0.075991 2.395867
5 0.387187 0.729121 0.154688 0.064785 -2.998632
5 0.738770 0.651614 0.147228 0.067423 -1.392270
3 0.395900 0.431217 0.305562 0.074170 -2.179306
2 0.715053 0.507119 0.501043 0.077698 1.486616
