9 0.640423 1.028983 0.120816 0.153744 0.010761
9 0.269478 0.532582 0.121917 0.150166 0.006438
11 0.552732 0.606744 0.088466 0.122202 0.002991
11 0.483897 0.931410 0.087849 0.120556 -0.000561
6 0.283395 0.345860 0.160779 0.071971 -2.377493
5 0.672328 0.663816 0.154666 0.069539 1.432492
5 0.408512 0.377255 0.157057 0.068510 1.910239
6 0.415124 1.107264 0.159935 0.072917 2.380908
10 0.727015 0.666981 0.045655 0.058866 -0.015833
10 0.381852 0.851916 0.043478 0.054902 -0.010865
1 0.553291 1.096973 0.372520 0.081724 2.264329
2 0.650410 0.513781 0.499479 0.079861 0.876058
2 0.380727 0.708013 0.499891 0.084028 3.021309
1 0.701830 0.776146 0.363972 0.084028 -1.651033
