9 0.196349 0.433108 0.117188 0.153472 -0.001696
8 0.374013 0.328758 0.123871 0.101736 1.129427
11 0.239610 1.043915 0.090919 0.117190 -0.003193
7 0.404059 0.674245 0.034767 0.045108 -0.006817
6 0.418152 0.572203 0.160938 0.071528 1.739603
12 0.399041 0.902632 0.073438 0.034028 1.580899
5 0.161834 0.864201 0.152890 0.070139 -2.463013
1 0.790120 0.446960 0.375124 0.081515 -0.239541
2 0.763908 0.675888 0.493146 0.077083 3.101283
4 0.261508 0.643433 0.124321 0.050694 1.647239
10 0.444739 0.197899 0.047034 0.063239 -0.005223
3 0.557889 1.114354 0.310323 0.075694 2.080112
13 0.144150 0.660447 0.042096 0.045846 0.648227
