8 0.325157 0.346218 0.118229 0.095139 1.212183
8 0.506668 0.699224 0.117188 0.095139 0.409451
6 0.158880 0.702822 0.152604 0.067961 -0.047627
7 0.475444 0.341416 0.033920 0.045266 -0.002671
5 0.392490 0.528256 0.151133 0.065329 -1.848984
6 0.440729 0.832874 0.155697 0.067832 -2.551302
1 0.437193 0.885339 0.368202 0.080498 2.826726
2 0.755045 0.655431 0.496625 0.075694 0.382430
3 0.452961 0.590138 0.308382 0.077083 -1.995629
3 0.424620 0.416120 0.309686 0.072353 -1.219601
2 0.686815 0.960208 0.497229 0.075694 -2.450190
7 0.520441 0.943065 0.034402 0.045185 -0.027003
5 0.613073 0.729417 0.144271 0.067361 0.552809
1 0.695991 1.030289 0.357058 0.082647 1.158223
4 0.446454 0.958120 0.117596 0.052517 -2.565774
4 0.320330 0.284850 0.117545 0.047242 1.006719
