8 0.633917 0.771924 0.119625 0.099306 1.398713
8 0.549349 0.935368 0.118372 0.094348 1.620901
7 0.233379 0.836472 0.034770 0.044972 -0.006338
3 0.528311 0.321142 0.307927 0.074306 1.674015
7 0.500463 0.625299 0.034548 0.045236 -0.009420
3 0.231321 0.726911 0.305646 0.075694 0.176107
12 0.390531 0.625968 0.072286 0.035417 -0.715709
12 0.362611 0.424950 0.072361 0.034028 2.840500
13 0.249300 0.658348 0.041380 0.046609 2.416857
4 0.393630 0.828368 0.121449 0.050694 0.697808
4 0.264185 0.456483 0.125419 0.051443 2.002506
13 0.522102 0.506612 0.041085 0.044553 2.264329
