9 0.227843 1.003658 0.117978 0.153066 -0.024763
8 0.167164 0.537629 0.119454 0.096038 -1.184759
8 0.199945 0.847934 0.120191 0.096854 -2.181419
11 0.208597 0.706115 0.088665 0.120315 0.008141
10 0.324077 0.519831 0.046354 0.061806 -0.020341
7 0.233697 0.388236 0.033316 0.042257 -0.002538
7 0.453358 0.281418 0.035006 0.046040 -0.005095
5 0.217901 0.284106 0.150818 0.070139 1.301778
5 0.577635 0.518712 0.148310 0.068750 1.674453
1 0.532724 0.388339 0.369789 0.077083 -0.358961
6 0.560772 0.717165 0.152940 0.072917 2.339811
12 0.431129 0.152728 0.071929 0.032639 1.128659
6 0.337552 0.964021 0.156158 0.071528 -0.488310
3 0.582078 1.045861 0.317594 0.075694 2.635501
4 0.322334 0.854181 0.123919 0.049306 2.843032
2 0.676629 0.790639 0.497726 0.077083 2.411552
13 0.585656 0.641412 0.040104 0.044777 1.102141
