8 0.475061 1.173326 0.118313 0.099306 2.267682
8 0.266748 0.638701 0.119762 0.099306 1.494557
7 0.578421 0.418629 0.034914 0.044842 -0.008724
7 0.432678 0.817613 0.034172 0.044823 0.001628
12 0.686029 0.579494 0.071099 0.034028 1.630332
3 0.540397 0.374417 0.307690 0.075694 -1.930322
4 0.625555 0.750174 0.121476 0.050694 1.430821
4 0.504134 0.568164 0.122583 0.050694 1.595255
12 0.633164 0.886806 0.071463 0.032639 1.774468
3 0.356748 0.977299 0.314792 0.075694 -2.227359
13 0.654871 0.999121 0.039762 0.042770 2.072096
13 0.496267 0.938216 0.040503 0.047640 2.069193
