9 0.639270 0.218700 0.119654 0.154651 -0.006125
9 0.382723 1.100026 0.122354 0.150982 0.000405
11 0.713706 1.072875 0.090318 0.118347 0.001459
11 0.354253 0.611833 0.089408 0.118515 -0.001976
6 0.576534 1.120576 0.162131 0.070139 2.189226
5 0.294775 0.860056 0.159238 0.070139 0.256772
10 0.717917 0.576019 0.047396 0.063194 6.244220
10 0.454513 1.107351 0.045527 0.059271 -0.006670
6 0.683565 0.930222 0.162442 0.071528 0.557700
2 0.451623 0.631166 0.501058 0.082639 3.620529
2 0.717293 0.596377 0.496148 0.079861 0.110965
5 0.358374 0.170883 0.159062 0.073186 0.088656
1 0.588513 0.353276 0.367963 0.082639 2.998632
1 0.749658 0.631966 0.373378 0.089583 0.177028
