11 0.483814 0.614209 0.090742 0.106697 0.003261
8 0.286575 0.401763 0.119967 0.100694 1.440941
9 0.649315 0.995409 0.115079 0.166762 -0.000056
7 0.376157 0.435672 0.033854 0.045139 0.001604
6 0.527498 1.121035 0.166762 0.070139 2.707497
10 0.573318 0.799138 0.048135 0.062388 -0.013188
12 0.309746 0.562569 0.072797 0.034028 1.591387
5 0.652640 0.624766 0.153541 0.068962 0.872071
3 0.396897 0.202828 0.310949 0.075694 -1.991905
1 0.468638 0.744559 0.367676 0.081395 -0.861508
2 0.425301 0.921951 0.498700 0.078472 2.633261
13 0.411430 0.701760 0.041212 0.046031 1.988781
4 0.489245 0.331664 0.126741 0.046840 0.406004
