8 0.681347 0.833143 0.119506 0.094009 2.200091
8 0.268034 0.485740 0.123302 0.100558 -0.501881
7 0.533313 0.522641 0.034844 0.045061 -0.002534
12 0.560496 0.273860 0.070606 0.034028 1.389993
3 0.563127 0.209433 0.309719 0.075694 -1.833270
7 0.417119 0.577034 0.035007 0.046151 -0.010614
13 0.392505 0.371671 0.039371 0.046528 1.566941
4 0.505803 1.057750 0.123072 0.049306 1.348799
13 0.398976 0.784514 0.042092 0.046528 1.506949
12 0.723470 0.493218 0.070898 0.032639 1.425193
3 0.319413 0.797701 0.312311 0.075694 -2.409062
4 0.292383 0.976979 0.124777 0.048000 0.320358
