8 0.307643 0.473279 0.120080 0.099306 1.309409
8 0.593228 0.931840 0.120955 0.099306 1.465514
7 0.135407 0.527511 0.034563 0.045183 0.005646
3 0.551373 0.252569 0.308774 0.075694 -1.420410
7 0.367453 0.734125 0.033854 0.045139 -0.008720
3 0.334055 0.947771 0.314754 0.074306 -3.012496
12 0.510522 0.613627 0.071817 0.032639 0.981238
12 0.398758 0.587986 0.072717 0.035417 -0.217685
13 0.500503 0.413750 0.039756 0.046528 1.318771
4 0.708626 0.662242 0.124585 0.050694 2.098542
13 0.238375 0.610378 0.044258 0.046528 0.637765
4 0.260430 0.907432 0.121731 0.049544 1.610649
