9 0.140394 0.794927 0.121354 0.153368 -0.004538
9 0.425118 0.198691 0.116899 0.158467 0.003669
8 0.360724 1.115916 0.117965 0.092888 1.987206
11 0.550233 0.297059 0.087352 0.122366 0.016968
11 0.586287 0.797618 0.081617 0.121528 -0.006612
10 0.459543 1.002210 0.046354 0.062740 -0.005775
5 0.368351 0.217282 0.152766 0.067725 -3.027320
12 0.340323 0.318978 0.073225 0.032639 -2.300716
13 0.468349 0.855056 0.041190 0.043750 1.581923
12 0.129583 0.502751 0.070533 0.034028 0.129554
7 0.367488 0.949722 0.035420 0.045096 -0.009412
3 0.287533 0.838667 0.306802 0.074306 0.513205
10 0.301358 0.635478 0.045754 0.064363 -0.003936
2 0.630185 0.700472 0.497396 0.074306 -2.613699
6 0.512108 0.910370 0.154942 0.069170 1.819698
4 0.194485 0.529280 0.120805 0.049071 1.042982
1 0.773062 0.529169 0.372396 0.081250 0.758201
13 0.302539 0.499237 0.041641 0.045902 -2.687468
