7 0.449792 0.480641 0.034271 0.043447 0.000000
7 0.370104 0.648978 0.029583 0.042111 0.000000
1 0.357826 0.805710 0.365964 0.079018 2.627378
1 0.515811 0.989424 0.370685 0.080390 -2.396827
3 0.631252 0.995002 0.303441 0.075503 0.074218
3 0.457425 0.457787 0.308287 0.075226 -1.148859
2 0.736740 0.711667 0.495667 0.080649 2.312019
2 0.460973 0.739546 0.497259 0.072273 -0.666692
4 0.270885 0.558092 0.120833 0.051389 -2.380881
4 0.423056 0.439241 0.123299 0.054167 -1.187713
5 0.468787 0.670491 0.149136 0.065097 2.795255
5 0.469919 0.921336 0.147650 0.069797 2.681018
6 0.448360 0.803033 0.151407 0.068330 -1.191135
6 0.238890 0.289578 0.154343 0.070139 2.344790
8 0.474282 0.410990 0.122627 0.096528 6.161090
8 0.374590 0.593958 0.122090 0.096942 -1.215380
