10 0.107684 0.326463 0.047710 0.065220 0.003222
10 0.538305 0.437952 0.046323 0.063886 -0.002723
9 0.261437 0.966677 0.118630 0.153244 0.002285
9 0.314796 0.705363 0.118053 0.154749 -0.002675
5 0.511498 1.267352 0.152087 0.067691 2.102917
11 0.120610 0.583066 0.090957 0.115630 -0.000032
11 0.696880 0.831331 0.087198 0.123773 0.007027
6 0.314151 1.170850 0.157722 0.070408 2.245746
5 0.716796 0.636097 0.151497 0.068514 1.174594
1 0.659707 0.885646 0.369727 0.081250 0.136398
1 0.631299 0.520680 0.371036 0.086115 4.891329
2 0.313972 1.039637 0.490132 0.081941 6.160594
6 0.446460 0.244154 0.160733 0.070139 4.807714
2 0.719430 0.330772 0.504172 0.085725 1.535052
