7 0.473229 0.604889 0.030521 0.040775 0.000000
7 0.437604 0.809300 0.035208 0.043447 0.000000
2 0.668861 0.450081 0.502409 0.078519 1.258613
2 0.497512 0.848240 0.508461 0.075910 2.849839
1 0.615512 0.286651 0.373211 0.080317 -1.549316
1 0.588365 0.728050 0.367667 0.084022 -2.920508
3 0.737278 0.594217 0.309243 0.070199 2.451465
3 0.427201 0.395694 0.305965 0.068609 -1.768577
4 0.385871 0.734138 0.122055 0.050775 2.265732
4 0.560694 0.587641 0.122950 0.051702 -2.523472
5 0.619412 0.715063 0.148511 0.071407 1.032384
5 0.564952 0.946655 0.153967 0.072337 -0.609386
6 0.603412 0.846437 0.159949 0.072222 0.324763
6 0.346247 0.557739 0.151556 0.069387 1.357619
8 0.631526 0.521445 0.123990 0.098335 0.929766
8 0.318814 0.623476 0.122940 0.107340 -1.851584
