10 0.413275 1.074205 0.046312 0.061437 -0.000493
10 0.606741 0.888790 0.045878 0.062482 0.006477
9 0.664000 0.486015 0.122271 0.149219 -0.001125
11 0.325910 0.638620 0.091474 0.114931 -0.008492
9 0.391739 0.865134 0.117540 0.156240 -0.002669
11 0.529968 0.326240 0.087043 0.120747 -0.003299
5 0.531934 1.268819 0.155430 0.067361 2.072754
5 0.684851 1.057106 0.159389 0.074128 2.440828
1 0.256028 1.054084 0.379868 0.084126 3.003136
6 0.595194 1.104542 0.165701 0.070139 6.061341
1 0.512403 0.224401 0.376992 0.092967 1.233575
2 0.801628 0.665948 0.494193 0.080058 5.578099
6 0.611354 0.834028 0.156771 0.071528 1.387728
2 0.373905 0.783574 0.495622 0.082842 2.851202
