8 0.582335 0.462085 0.121242 0.099306 1.640745
8 0.504518 1.044660 0.120280 0.099306 2.234905
7 0.378724 0.786849 0.034652 0.045226 -0.011141
3 0.700660 0.712222 0.309040 0.074306 1.380207
7 0.537612 0.812592 0.034266 0.045934 -0.001222
3 0.355076 0.842111 0.308751 0.074306 -1.288500
12 0.330634 1.053354 0.073304 0.032639 0.963647
4 0.177378 0.516315 0.125521 0.050694 -2.398991
12 0.488299 0.568948 0.072706 0.035823 -1.402652
13 0.289871 0.379749 0.041682 0.047917 0.224472
4 0.310855 0.606542 0.125610 0.049515 0.563993
13 0.377620 0.280792 0.041171 0.044229 -1.122698
