8 0.229431 0.498365 0.119523 0.099306 -1.382186
8 0.483308 0.963055 0.118964 0.095583 1.747934
7 0.433292 0.616397 0.033854 0.043750 0.002280
3 0.507049 0.263669 0.308352 0.075694 -1.698699
7 0.318264 0.875955 0.034650 0.045493 0.001092
12 0.196730 0.924049 0.072616 0.034028 -2.720347
3 0.360471 1.161319 0.305966 0.077083 -1.212130
12 0.586273 0.612174 0.072349 0.032639 0.458517
13 0.397189 0.483765 0.042038 0.045139 2.106599
4 0.286928 0.709092 0.123800 0.050694 -1.778124
13 0.330512 1.052241 0.038977 0.046315 2.108851
4 0.510838 0.350983 0.125138 0.047409 1.000574
