10 0.625952 0.253191 0.047800 0.063723 0.001013
10 0.508567 0.736875 0.046848 0.062055 -0.005285
11 0.678114 0.541959 0.089280 0.120973 0.007399
9 0.456146 0.719282 0.118229 0.149317 0.004999
9 0.456816 0.314752 0.117378 0.155883 -0.004914
11 0.225655 1.070226 0.092378 0.116868 -0.001745
5 0.706540 0.638917 0.157767 0.068750 2.308535
5 0.432345 1.071286 0.153261 0.069531 2.833531
6 0.313173 0.910240 0.158526 0.071868 1.055253
1 0.581037 0.571551 0.371761 0.088993 4.354928
2 0.753637 1.030908 0.497586 0.088538 2.254573
1 0.409110 0.235656 0.378532 0.079861 4.038733
2 0.356241 0.466536 0.507169 0.087381 0.051728
6 0.406207 0.248410 0.168351 0.075978 3.885638
