9 0.418892 0.189583 0.121354 0.152083 -0.000021
8 0.596800 0.282168 0.119132 0.099306 1.377537
11 0.136529 0.510619 0.090446 0.122260 0.005165
5 0.698994 0.374911 0.148769 0.070139 1.681400
7 0.423155 0.567214 0.033998 0.045147 -0.007635
1 0.350378 0.871760 0.371215 0.079715 -3.075929
10 0.277052 0.779216 0.043145 0.059169 -0.010425
12 0.355664 0.453500 0.072342 0.030865 2.617568
6 0.279169 0.218263 0.158390 0.071528 2.007190
2 0.703866 0.900931 0.493669 0.077083 -3.027524
3 0.763250 0.627987 0.306813 0.076281 2.528461
4 0.138021 0.725657 0.121354 0.047175 -2.675975
13 0.499294 0.413467 0.037170 0.042622 1.172598
