10 0.575919 0.399396 0.054932 0.061806 6.266803
10 0.387634 0.202967 0.048261 0.063956 -0.006808
11 0.393229 1.080111 0.088021 0.120139 0.003989
9 0.260382 0.647398 0.111989 0.155363 0.000224
9 0.445987 0.526535 0.114890 0.158729 -0.000284
11 0.233077 0.295868 0.090793 0.115188 0.001418
1 0.453056 0.927757 0.370799 0.082639 0.558388
1 0.735083 0.654238 0.370479 0.083359 4.938585
6 0.653963 0.541023 0.158331 0.071337 -1.231891
5 0.419567 0.871797 0.155696 0.072247 0.743091
2 0.719083 1.041807 0.495978 0.080947 0.334768
5 0.161400 0.736958 0.158717 0.067361 4.498020
6 0.210117 0.900132 0.169922 0.070139 3.805270
2 0.520931 0.378017 0.508424 0.084022 4.408479
