10 0.306408 0.584054 0.046485 0.062064 -0.000344
9 0.308854 0.804256 0.116146 0.161622 -0.008246
11 0.296849 0.381596 0.089256 0.119045 0.000551
7 0.501012 0.733248 0.034221 0.044538 -0.001201
8 0.604483 0.591992 0.120528 0.095139 1.649651
5 0.568080 0.351676 0.152722 0.068750 0.989830
13 0.596518 0.792146 0.046119 0.043750 4.796258
1 0.526299 1.064674 0.374786 0.081250 4.916714
4 0.514172 0.670288 0.131156 0.056674 4.428756
6 0.684366 0.883613 0.157335 0.071184 1.451368
12 0.418842 0.840660 0.075497 0.034028 0.459905
3 0.552117 0.528829 0.313922 0.075694 3.358347
2 0.352899 0.745958 0.500485 0.077083 3.137850
