9 0.512223 0.493131 0.118229 0.161155 -0.006427
8 0.423485 0.931431 0.118076 0.099306 2.095641
11 0.549732 0.872430 0.088796 0.119553 -0.000750
6 0.702754 0.526689 0.160476 0.072917 1.658921
10 0.368124 0.707744 0.045607 0.060657 -0.000015
7 0.309626 0.532561 0.033538 0.045048 0.000413
3 0.453265 0.288200 0.307812 0.074306 -1.725902
12 0.530161 0.655937 0.072893 0.034028 1.473604
5 0.670739 0.641473 0.152071 0.068750 2.206359
13 0.553933 1.085236 0.040355 0.046528 1.546242
2 0.456689 0.847542 0.501993 0.077083 -0.694956
1 0.752951 0.244076 0.371486 0.084294 -0.881494
4 0.234828 0.557724 0.127918 0.050716 0.212732
