9 0.233409 0.972471 0.120313 0.148970 -0.004537
8 0.183345 1.183694 0.118447 0.100694 2.180306
8 0.456731 0.533885 0.118762 0.099306 -2.621576
11 0.558204 0.427408 0.086676 0.124674 0.005667
7 0.264659 0.297233 0.033854 0.043750 -0.006641
5 0.184075 0.750297 0.153170 0.070176 1.714233
6 0.629354 0.632741 0.153302 0.070139 -0.692184
10 0.375603 0.837038 0.046306 0.058480 -0.004575
12 0.106068 0.571269 0.073682 0.034028 -1.239323
5 0.527794 0.915958 0.149102 0.068750 1.331528
1 0.541797 0.343939 0.378185 0.080399 0.460387
13 0.181529 0.224734 0.039625 0.047917 0.438266
7 0.374528 0.640972 0.035127 0.040972 0.376451
6 0.465381 1.037347 0.155266 0.067361 2.122225
3 0.314725 0.505375 0.309436 0.075694 -0.686275
2 0.517913 1.009396 0.501614 0.075694 3.135925
4 0.510552 0.747101 0.123911 0.048356 0.521631
