9 0.722607 0.506360 0.121714 0.150043 -0.006259
9 0.522947 1.079074 0.123904 0.149218 0.013329
11 0.302777 1.024452 0.088409 0.120473 0.001798
11 0.698687 0.695047 0.089427 0.122335 0.011598
8 0.541223 0.912508 0.118510 0.091822 -1.345470
10 0.696828 1.076937 0.047396 0.063179 0.000103
6 0.606024 1.154951 0.158361 0.071528 1.608705
4 0.487275 0.943493 0.119724 0.049306 1.468774
7 0.349211 0.870200 0.034637 0.044248 -0.008388
12 0.466323 0.765931 0.070937 0.034028 -1.753828
12 0.624523 0.706085 0.072160 0.031250 1.895751
10 0.614824 0.984103 0.049575 0.058705 -0.009818
13 0.418589 0.843861 0.040104 0.045139 1.669543
1 0.587125 1.200243 0.364029 0.077083 -1.236849
3 0.427328 0.804722 0.307994 0.075694 -2.244528
5 0.526826 0.469051 0.150943 0.070139 1.177330
2 0.672121 0.676324 0.496552 0.078397 2.168872
13 0.492308 0.596362 0.040208 0.042563 0.350140
