8 0.630377 0.443303 0.120577 0.100694 1.307869
8 0.422054 1.215194 0.120563 0.097917 -2.723862
7 0.533646 0.676398 0.034370 0.044786 0.001799
7 0.425026 0.684945 0.034722 0.046099 -0.010660
3 0.230303 0.643167 0.308347 0.075694 -2.903760
12 0.403829 0.420269 0.074490 0.032639 1.205209
4 0.452390 0.853771 0.121077 0.052083 -1.524121
12 0.550946 0.287026 0.071908 0.032639 1.383387
3 0.481263 0.328294 0.308045 0.075694 1.012687
4 0.343539 0.587361 0.124283 0.048524 -2.535543
13 0.580663 0.814222 0.040034 0.040972 1.350092
13 0.711199 0.516452 0.042002 0.040972 0.800811
