10 0.553613 0.453371 0.045810 0.059765 0.005745
10 0.507852 0.822584 0.045205 0.062113 0.011893
9 0.432604 1.078125 0.116146 0.156250 -0.006292
9 0.386875 0.539546 0.110937 0.166601 0.006320
11 0.274006 0.660872 0.089533 0.119015 -0.005173
11 0.438965 0.834699 0.086699 0.120995 0.006209
6 0.347523 0.956306 0.164167 0.068750 3.340581
5 0.621689 0.624402 0.157700 0.067361 0.891327
2 0.807128 0.842840 0.501444 0.078472 2.290784
1 0.429947 0.870985 0.380832 0.083983 3.760514
1 0.589318 0.334285 0.375198 0.090079 4.921937
5 0.518592 0.511234 0.154557 0.069690 0.459929
6 0.496246 0.250676 0.159662 0.070736 1.424170
2 0.382968 0.682310 0.502498 0.078047 3.424929
