8 0.403619 1.154091 0.124442 0.101363 2.411084
8 0.194989 0.691292 0.118952 0.099306 0.789133
3 0.510486 0.410808 0.308854 0.074306 -1.590224
7 0.528587 1.009701 0.035160 0.045373 -0.006745
7 0.508469 0.810895 0.034729 0.045166 -0.005739
13 0.432994 0.743153 0.041256 0.046528 1.822489
12 0.336526 0.782928 0.071645 0.032301 0.331099
3 0.283240 0.986257 0.312684 0.075694 -2.692903
13 0.558523 0.654696 0.041400 0.043750 0.011892
12 0.394760 0.932885 0.075103 0.034227 0.815757
4 0.337416 0.566847 0.121691 0.049306 0.864887
4 0.538080 0.529473 0.122003 0.052010 -2.010774
