9 0.550257 0.853049 0.121700 0.149599 -0.010376
11 0.554073 1.134718 0.088717 0.122172 0.004181
8 0.406457 0.584287 0.118948 0.096428 0.892873
7 0.372634 0.894856 0.034381 0.045184 0.000209
10 0.716214 0.589655 0.043229 0.062688 -0.009088
6 0.276910 0.430869 0.158123 0.070139 -2.273457
1 0.803328 0.858777 0.367884 0.081596 -3.090640
5 0.363966 0.768675 0.149948 0.066599 0.580219
2 0.431777 0.977285 0.490398 0.077083 -0.647892
3 0.547577 0.449860 0.310467 0.075406 -0.760987
4 0.532242 0.258799 0.123254 0.047917 -2.240460
12 0.589346 0.227209 0.070755 0.031155 0.083247
13 0.604974 0.427951 0.035937 0.043181 1.104778
