9 0.431871 0.629212 0.122396 0.147917 0.004369
8 0.742093 0.390749 0.118967 0.097917 1.516177
11 0.210411 0.629532 0.091603 0.115514 -0.003012
6 0.553038 0.433940 0.157398 0.071528 -0.610346
7 0.537153 0.568968 0.033854 0.043750 -0.005697
10 0.199497 0.836416 0.046850 0.063180 -0.007486
5 0.399432 0.970007 0.153028 0.071027 1.169208
3 0.535154 0.249397 0.369787 0.086599 1.502153
4 0.716742 0.635492 0.125317 0.050694 1.572303
12 0.371835 0.341151 0.071535 0.032639 1.270602
2 0.320239 1.021448 0.491809 0.078147 -0.019057
13 0.224277 0.465631 0.042161 0.046528 1.495847
3 0.680128 0.883917 0.302995 0.074306 -1.151960
