9 0.594147 1.054390 0.118908 0.153308 0.007933
11 0.302194 1.060292 0.092811 0.106403 0.000000
11 0.109813 0.703444 0.081270 0.122061 0.000000
9 0.280660 0.222894 0.124298 0.149756 0.000000
3 0.312273 0.851883 0.304191 0.074169 1.277913
10 0.350602 0.358030 0.046242 0.060539 0.000000
10 0.219056 0.317588 0.047340 0.061806 0.000000
7 0.648203 0.051597 0.032813 0.045874 -0.000646
2 0.704615 0.712451 0.494703 0.072917 -2.894716
8 0.635062 0.715415 0.118614 0.091378 1.280318
6 0.643525 0.327238 0.154060 0.069104 1.804901
5 0.655731 0.152814 0.149160 0.066724 1.790461
12 0.400930 0.573170 0.071548 0.033447 2.222838
4 0.275756 0.510580 0.119429 0.045635 1.385677
13 0.328178 0.628841 0.040104 0.043480 1.848311
12 0.306349 0.281399 0.072688 0.029861 1.419144
13 0.139154 0.405136 0.040796 0.043525 0.170675
1 0.595362 0.267762 0.369565 0.079401 2.874309
