10 0.251592 0.504035 0.046354 0.061806 -0.005269
13 0.681146 0.984465 0.043229 0.043750 2.061595
9 0.258021 0.778910 0.111979 0.159028 0.007257
11 0.623613 0.367050 0.083954 0.124969 -0.009598
6 0.663004 0.703986 0.160488 0.070695 1.904801
8 0.519068 0.431083 0.125949 0.099306 2.322015
7 0.513915 0.589271 0.036892 0.044275 0.006743
3 0.592114 0.794000 0.315165 0.074306 3.022336
12 0.328854 0.461342 0.075521 0.039583 5.531033
1 0.456764 0.296523 0.378215 0.084028 1.066766
5 0.555208 1.004986 0.149479 0.068750 0.995090
4 0.616527 0.975465 0.125242 0.051193 0.089336
2 0.490268 1.007812 0.501473 0.077083 2.349643
