8 0.359085 0.900215 0.120259 0.099306 -1.725335
8 0.282832 0.303450 0.123505 0.100088 1.467236
7 0.440441 1.106321 0.034563 0.045143 -0.001285
12 0.196305 0.541044 0.072706 0.034028 0.459879
7 0.589248 0.789922 0.035486 0.046233 -0.007963
13 0.558524 0.504086 0.042819 0.047917 -3.010786
12 0.520218 0.985431 0.071888 0.034028 1.647553
3 0.316827 1.065035 0.302990 0.075694 2.282427
3 0.591387 0.344369 0.314584 0.075694 0.813145
4 0.560320 0.722395 0.122010 0.049332 0.639079
4 0.697533 0.623698 0.124326 0.049377 1.092665
13 0.423880 0.536981 0.042070 0.046072 -2.237893
