9 0.618984 0.644547 0.121354 0.149306 0.002201
11 0.526757 0.477808 0.088778 0.121518 0.009186
8 0.192147 0.423726 0.121588 0.100694 1.558995
10 0.389030 0.572782 0.044431 0.060365 -0.003866
6 0.580379 0.850931 0.158489 0.071528 -2.809962
3 0.416240 0.214515 0.307298 0.074306 1.747586
7 0.426683 0.748614 0.033784 0.045533 0.004377
5 0.251196 0.602703 0.152205 0.070139 -1.705870
2 0.525932 1.162611 0.493841 0.077083 1.970808
4 0.355369 0.546001 0.123555 0.050694 -3.065571
12 0.283347 0.364534 0.072447 0.032429 1.132961
1 0.519369 0.913458 0.372259 0.075694 2.499259
13 0.598525 0.941645 0.038862 0.043289 2.054789
