9 0.490677 0.729701 0.111401 0.161496 0.008236
8 0.640292 0.856028 0.118781 0.100694 2.136508
11 0.155855 0.966036 0.090885 0.118628 -0.001476
5 0.266804 0.865229 0.153023 0.070139 1.570122
2 0.681245 0.549174 0.500812 0.077083 1.655153
6 0.349639 1.178333 0.159003 0.074306 2.637905
7 0.462644 0.810750 0.033450 0.045444 0.006425
12 0.269563 0.650906 0.075105 0.034227 0.002974
10 0.373621 0.806167 0.045034 0.063626 -0.002646
1 0.496334 0.415501 0.371736 0.075694 1.206152
4 0.429460 0.931688 0.124520 0.049306 3.073013
3 0.245489 0.606383 0.309604 0.074306 -0.164484
13 0.476427 0.904396 0.041358 0.044375 2.078167
