10 0.213535 0.449812 0.046799 0.063854 0.019356
10 0.468834 0.817065 0.046016 0.064310 -0.000815
9 0.348701 0.929331 0.115477 0.156592 -0.000971
9 0.522000 0.570054 0.120554 0.151304 0.002292
11 0.425876 0.631032 0.089249 0.118637 0.040606
11 0.309325 0.425999 0.093835 0.118750 0.007969
6 0.706802 0.667493 0.158386 0.069780 1.609549
5 0.193894 0.446234 0.159976 0.078840 4.287718
6 0.367787 0.494040 0.166511 0.072917 4.555790
5 0.599670 0.680333 0.152153 0.068750 2.112355
2 0.471882 1.047194 0.498452 0.078360 5.581132
2 0.526380 0.666544 0.509947 0.081250 1.987074
1 0.595085 0.220487 0.369858 0.089604 4.587620
1 0.514729 0.800088 0.377896 0.086481 5.203178
