9 0.660281 0.561453 0.121354 0.153583 -0.000754
9 0.353847 0.750625 0.117188 0.159090 -0.002914
8 0.559928 0.941790 0.117469 0.093162 1.657720
11 0.391502 0.399713 0.088186 0.120460 -0.000704
11 0.489056 0.614157 0.087561 0.121668 -0.001247
10 0.694992 0.437958 0.046494 0.064183 0.004709
10 0.507385 0.351994 0.046354 0.060417 -0.002419
7 0.325586 0.537715 0.033854 0.045139 -0.015434
2 0.668530 0.430160 0.498630 0.077457 1.299493
12 0.432588 0.800417 0.070344 0.034028 -2.821565
3 0.205189 0.585875 0.305729 0.077869 -3.040816
12 0.124392 0.560086 0.070736 0.032566 -0.411019
5 0.410743 0.294328 0.152616 0.071308 0.815644
1 0.458903 0.347426 0.375523 0.084482 0.687764
13 0.289947 0.835311 0.040832 0.042025 -2.149388
13 0.697100 0.600420 0.039335 0.044469 1.809091
6 0.685360 0.736477 0.156679 0.070913 2.000332
4 0.126502 0.327541 0.127566 0.048563 -0.394367
