9 0.318209 0.655018 0.122011 0.150160 0.003406
8 0.265891 0.843958 0.122561 0.099306 2.039603
11 0.496473 0.937933 0.091096 0.116949 -0.002748
5 0.681000 0.883403 0.150678 0.070139 1.196239
7 0.506768 0.516986 0.032813 0.045139 0.005300
6 0.441904 0.425059 0.163172 0.071528 1.276282
12 0.603482 0.697740 0.069631 0.032639 1.916585
3 0.732846 0.519674 0.310816 0.074306 -0.333126
4 0.492335 0.709626 0.126456 0.050694 -0.169029
2 0.526790 1.059743 0.494852 0.078472 -1.174942
10 0.410063 0.244788 0.045234 0.059274 -0.007308
1 0.354215 0.476112 0.369114 0.082451 -2.600325
13 0.348869 0.889789 0.039224 0.044773 1.475770
