9 0.185945 0.670586 0.110378 0.162781 -0.008095
9 0.458197 0.569936 0.120313 0.142253 -0.002436
11 0.534598 0.862095 0.091586 0.115912 0.000543
11 0.390682 0.685605 0.092188 0.107196 -0.000835
8 0.423268 1.116513 0.117898 0.093624 2.683931
7 0.467765 0.709728 0.033854 0.041814 -0.009047
6 0.367095 0.576428 0.155729 0.068750 0.459832
10 0.414993 0.941798 0.045604 0.060582 -0.012042
2 0.499393 0.379927 0.497170 0.077083 1.250135
10 0.273661 0.694963 0.047020 0.061035 -0.016406
1 0.406421 0.849195 0.372396 0.082279 -1.462577
12 0.299233 0.905892 0.071720 0.034867 2.615999
13 0.322751 0.949278 0.031834 0.042361 0.623153
5 0.180575 0.948725 0.149581 0.070867 -1.229335
12 0.150506 1.075486 0.071472 0.040972 -3.107104
4 0.203679 1.083829 0.120741 0.047603 0.406187
3 0.611764 1.100828 0.301831 0.080851 0.674944
13 0.315736 1.085490 0.039343 0.043007 2.114230
