8 0.485216 0.719096 0.120977 0.096963 2.538099
9 0.446907 0.580910 0.118229 0.147917 -0.014212
8 0.628619 0.674938 0.118800 0.095063 1.543415
11 0.378434 0.999898 0.088021 0.109670 0.004903
7 0.453556 0.849166 0.033345 0.045318 -0.002316
10 0.504538 0.934226 0.044753 0.058619 0.000958
6 0.287401 1.131813 0.160450 0.072543 -0.262032
7 0.600618 0.981987 0.032591 0.045738 0.031635
1 0.375713 0.801993 0.365747 0.081001 3.098036
5 0.500120 1.130222 0.149165 0.070139 2.059001
12 0.594453 1.003986 0.070926 0.035417 2.262269
6 0.335119 0.537454 0.161077 0.072192 1.170447
5 0.648833 0.887879 0.153759 0.066896 -0.599800
4 0.521401 0.612422 0.125775 0.049306 0.684480
2 0.640263 0.838188 0.493341 0.077083 -0.534137
3 0.515543 0.912313 0.308307 0.075694 2.453722
13 0.530952 0.987035 0.039772 0.040972 0.928151
