9 0.176891 0.619490 0.120689 0.152403 0.003737
8 0.386032 0.601742 0.123955 0.100935 -0.169007
11 0.157862 0.381090 0.089808 0.120735 0.001951
6 0.144552 0.881291 0.160518 0.073331 2.880245
10 0.483057 0.625419 0.044271 0.059028 0.001718
2 0.777024 0.768868 0.493570 0.075694 0.264122
5 0.523469 0.424462 0.153500 0.067361 0.912845
7 0.398199 0.887324 0.033227 0.045078 0.016318
12 0.460623 1.125313 0.075707 0.033766 2.304910
4 0.249280 0.876396 0.124496 0.050694 0.180337
3 0.479049 0.315728 0.313181 0.077824 0.724415
1 0.466292 0.949192 0.365953 0.081800 0.216727
13 0.696031 0.617477 0.038801 0.043371 1.018220
