9 0.359834 1.126472 0.120313 0.153472 0.001250
9 0.302527 0.402486 0.121354 0.158942 0.002927
11 0.503896 0.622231 0.087379 0.121821 -0.002783
8 0.618569 0.889729 0.118440 0.100694 1.147291
11 0.409023 0.539718 0.090104 0.109267 0.005145
10 0.357106 0.914822 0.047396 0.063422 -0.049748
10 0.324415 0.766778 0.044548 0.061805 -0.016169
12 0.540957 0.714715 0.070450 0.032639 2.164758
6 0.659634 0.618700 0.153800 0.072917 0.828036
4 0.265201 0.590428 0.119846 0.050694 -0.823696
5 0.292827 0.804097 0.152197 0.071528 -3.071859
12 0.643851 0.670674 0.071275 0.032639 2.912651
1 0.613951 0.812665 0.372513 0.080150 2.572176
7 0.386458 0.599331 0.031354 0.046528 -0.003237
3 0.676265 0.272913 0.306718 0.086806 -2.125202
13 0.288715 0.488051 0.038484 0.045139 0.751758
2 0.724157 0.423616 0.497812 0.078472 1.470313
13 0.619613 0.241638 0.034006 0.042361 -2.083613
