7 0.110417 0.630274 0.028646 0.043447 0.000000
3 0.388260 0.925167 0.308708 0.069444 -1.308127
2 0.711385 0.910128 0.497457 0.084784 -2.436247
2 0.476003 0.369044 0.501069 0.082109 -2.219205
7 0.644531 0.674792 0.032292 0.041944 -0.000000
8 0.529863 0.982215 0.121289 0.098027 0.933764
8 0.603745 0.694793 0.122802 0.097669 0.942846
6 0.392656 0.389618 0.158125 0.077833 1.180776
6 0.679491 0.762032 0.156169 0.077175 0.955190
5 0.727058 0.629771 0.150054 0.063816 1.597510
4 0.660041 0.585128 0.126644 0.041330 1.443864
5 0.237673 0.752311 0.155659 0.073760 2.611150
4 0.208264 0.589188 0.119341 0.044108 1.860292
1 0.420545 0.702882 0.373277 0.081782 -0.238335
3 0.528919 0.662787 0.310650 0.073736 2.530949
1 0.582672 0.616685 0.369406 0.075054 -0.610840
