9 0.579379 0.275067 0.123461 0.149353 0.003019
9 0.654604 0.916194 0.119271 0.152083 -0.001433
8 0.413235 0.260169 0.120543 0.091872 -0.273343
11 0.441427 0.984856 0.088546 0.119532 0.003517
11 0.718005 0.522713 0.089063 0.117361 0.012747
10 0.362609 0.414937 0.048765 0.060161 -0.045657
12 0.352736 1.128167 0.070472 0.032639 1.837208
10 0.434391 0.681687 0.043730 0.064932 -0.003885
1 0.643288 0.990933 0.372447 0.079338 3.129015
6 0.370342 0.708158 0.157616 0.071528 -2.415175
7 0.169790 0.824190 0.034979 0.045588 -0.004988
3 0.410253 0.883788 0.310944 0.077437 -2.661768
4 0.598717 0.490847 0.119508 0.050694 0.033156
5 0.250450 0.631101 0.152060 0.067361 -2.057159
12 0.349717 0.845979 0.071605 0.034028 0.468690
13 0.414829 0.756104 0.041422 0.045180 -0.519762
2 0.626284 0.604386 0.497308 0.079861 -0.994239
13 0.172986 0.543167 0.047208 0.040972 2.742935
