9 0.475425 1.211549 0.120183 0.151501 -0.009413
8 0.698398 0.895410 0.118931 0.096335 1.291256
11 0.430932 1.076257 0.089063 0.118750 -0.000638
7 0.512379 0.559951 0.033774 0.044966 0.002730
6 0.528844 0.733438 0.156931 0.071528 0.691294
5 0.387635 0.633109 0.149971 0.068353 0.079892
2 0.823966 0.601459 0.498942 0.075694 0.389475
13 0.409138 0.607800 0.037824 0.043449 1.644953
1 0.649139 0.929451 0.361947 0.075694 -1.053612
10 0.198493 0.706854 0.045449 0.060291 -0.035413
3 0.349112 0.600695 0.307286 0.077810 -2.344793
12 0.236599 0.816090 0.070312 0.040972 1.685833
4 0.275517 1.029660 0.123629 0.046528 2.930071
