9 0.621089 0.425132 0.118229 0.164466 -0.000669
8 0.365506 0.312747 0.119770 0.099306 1.743690
11 0.194918 0.435171 0.087193 0.124376 -0.001551
6 0.435539 0.695594 0.159141 0.071528 2.474684
7 0.582031 0.724903 0.032813 0.045139 0.000797
10 0.424380 0.455826 0.047749 0.057722 -0.007590
12 0.645080 0.515079 0.068535 0.032639 1.531334
4 0.515442 0.205035 0.124032 0.049984 1.588705
2 0.429254 0.799806 0.500327 0.075694 -2.792378
5 0.328727 0.987500 0.148714 0.068750 2.437259
1 0.770786 0.894468 0.369562 0.084687 0.675163
3 0.486607 0.858958 0.311809 0.074306 2.001483
13 0.510996 0.537936 0.040481 0.045484 1.184130
