10 0.326276 0.899720 0.047945 0.063205 0.005687
10 0.244278 0.796539 0.047262 0.066813 0.005493
11 0.386742 1.247056 0.095671 0.117361 0.019490
9 0.625201 0.970984 0.121266 0.146663 -0.002230
11 0.509136 0.711237 0.088026 0.118558 0.008734
9 0.633706 0.579010 0.120151 0.151568 -0.003945
6 0.303462 0.394223 0.157272 0.070651 -2.696551
1 0.602371 1.087912 0.369429 0.087643 1.861994
1 0.600727 0.199355 0.371766 0.090092 4.522855
5 0.450348 0.589507 0.155383 0.074137 3.562820
6 0.402561 0.819444 0.158854 0.068750 1.955381
5 0.191009 0.563088 0.158674 0.075493 5.676879
2 0.683598 0.372028 0.500008 0.082734 4.053073
2 0.399034 0.965236 0.491505 0.090792 5.989358
