9 0.193585 0.386918 0.120684 0.152988 0.000074
8 0.362483 0.701982 0.118892 0.099306 2.035438
11 0.153306 0.638761 0.088576 0.122985 0.001471
3 0.557649 0.323123 0.309617 0.075694 1.473614
7 0.444055 0.405709 0.032977 0.045217 -0.001363
10 0.242976 0.487586 0.044916 0.060530 -0.007157
12 0.416909 0.753375 0.071215 0.032639 0.962748
6 0.541434 0.687669 0.155821 0.071528 1.831252
1 0.780772 0.774128 0.365972 0.079174 0.361047
5 0.643970 0.411711 0.156283 0.068750 0.926022
13 0.352715 0.492122 0.043768 0.047085 1.904672
4 0.535398 0.553924 0.122641 0.050694 2.139926
2 0.545301 0.994451 0.493414 0.077083 -1.085375
