8 0.201013 0.871368 0.118481 0.099306 1.979321
8 0.723784 0.549759 0.119360 0.094040 -0.400489
3 0.517607 0.357192 0.306433 0.075694 1.460116
7 0.552489 0.538893 0.035187 0.045713 -0.020943
7 0.277305 0.762026 0.034713 0.044913 -0.002527
3 0.759502 0.807264 0.307482 0.074306 2.831648
12 0.182316 0.554442 0.072048 0.032639 1.050506
12 0.474762 0.491472 0.070432 0.034028 0.473572
4 0.360053 0.583799 0.119397 0.045139 -1.285719
4 0.279829 0.688679 0.123432 0.048020 -1.682795
13 0.446158 0.703309 0.039016 0.043584 1.385329
13 0.484618 0.846972 0.036752 0.043555 -3.062106
