9 0.208801 0.631131 0.120313 0.152083 -0.002556
9 0.378307 0.226398 0.122573 0.150102 -0.004280
11 0.436403 0.476701 0.088536 0.121422 0.008357
5 0.591208 0.187162 0.154064 0.070081 1.527148
11 0.607751 0.730010 0.089949 0.120287 0.000320
6 0.236458 0.377113 0.158854 0.071528 0.734971
10 0.195704 0.854571 0.051095 0.061849 0.001235
2 0.701116 1.006479 0.486294 0.077083 6.273342
10 0.698854 0.588513 0.050521 0.066806 0.000000
1 0.277436 0.966451 0.364560 0.079861 6.128494
2 0.562791 0.888910 0.504020 0.077083 3.219713
6 0.698541 0.897423 0.166145 0.075401 3.712019
5 0.710212 0.938826 0.155737 0.067361 0.589508
1 0.752659 0.447090 0.371880 0.083225 -2.323215
