9 0.395326 0.368239 0.122396 0.142465 -0.001363
8 0.565669 0.768563 0.120043 0.100694 -3.141593
11 0.140756 1.018556 0.091905 0.114056 0.000171
8 0.226063 0.456491 0.082865 0.100694 -1.552885
6 0.329040 0.546042 0.155669 0.072917 1.869103
6 0.452042 0.570487 0.158136 0.072917 3.037999
10 0.465180 0.719399 0.044339 0.064583 -0.097471
1 0.299946 0.676633 0.367335 0.080878 -0.240409
7 0.392081 0.944514 0.035228 0.045514 -0.009994
4 0.494089 0.664658 0.123259 0.047917 1.444413
12 0.479624 0.777479 0.071927 0.035417 1.626234
5 0.628616 0.977708 0.151909 0.068750 -0.269270
3 0.733016 0.383352 0.310199 0.075694 2.054396
7 0.489604 0.737264 0.031890 0.040932 0.008639
13 0.062641 0.432003 0.039785 0.043750 -2.388836
2 0.529943 0.922066 0.488021 0.078728 -0.027115
5 0.237793 0.384266 0.146354 0.073995 0.921873
