10 0.516614 0.873432 0.045940 0.062045 0.013275
10 0.604921 0.753286 0.046457 0.062043 0.004358
9 0.380746 0.194554 0.123008 0.164263 -0.000122
11 0.557522 0.661009 0.088484 0.119338 -0.002120
9 0.302396 0.964118 0.120104 0.158028 -0.008557
11 0.268395 1.152019 0.088120 0.120190 0.023072
6 0.680289 0.915974 0.159536 0.069337 2.079720
1 0.303312 0.733597 0.367561 0.084429 0.070267
2 0.577294 0.989806 0.499276 0.078472 6.056150
1 0.553054 0.617753 0.381421 0.079861 3.220220
5 0.296838 0.392945 0.157738 0.071127 -0.901439
6 0.395060 0.317804 0.157453 0.072210 -1.562626
2 0.818751 0.412823 0.496564 0.086835 5.905268
5 0.596042 1.134576 0.159896 0.068750 6.238927
