8 0.562996 0.773111 0.120962 0.099306 1.848739
8 0.637053 0.510999 0.120085 0.099306 1.331122
7 0.138307 0.471887 0.034879 0.045000 -0.004151
7 0.349730 0.450483 0.034728 0.045413 -0.012825
3 0.510203 0.110949 0.307439 0.075694 -1.688260
13 0.497260 0.279942 0.039450 0.046528 1.668963
12 0.391890 0.952299 0.069087 0.032639 1.632236
3 0.496203 1.106146 0.304413 0.075694 -1.458781
12 0.284946 0.613710 0.074421 0.034028 -0.764968
4 0.115634 0.705301 0.124818 0.050694 0.308426
4 0.308088 0.388482 0.121501 0.049489 0.388496
13 0.146661 0.878076 0.045435 0.043750 4.193947
