10 0.464888 0.507108 0.049464 0.064317 -0.003482
10 0.475887 0.717769 0.047086 0.063460 0.001391
11 0.273983 0.624421 0.087990 0.118431 -0.017656
10 0.367749 0.559121 0.111151 0.151535 -0.002862
11 0.458792 0.814119 0.089098 0.112960 0.000289
9 0.381840 0.806586 0.113512 0.156185 0.015378
5 0.331843 0.815271 0.156499 0.068750 3.237261
5 0.471245 0.527605 0.157803 0.067903 0.604608
2 0.405210 0.655108 0.505732 0.077083 3.577483
6 0.303302 0.803938 0.163167 0.070139 3.516870
6 0.420347 0.367278 0.146007 0.081250 1.489606
1 0.359883 0.830333 0.373829 0.088194 3.772425
1 0.622345 0.414780 0.373627 0.095139 4.790900
2 0.715569 0.551381 0.500200 0.078045 1.048579
