545 496 616 496 545 428 616 428 nut 0
1169 677 1233 677 1169 611 1233 611 nut 0
276 408 918 1139 360 334 1003 1065 lag_wood_screw 0
1158 306 1358 1235 1275 281 1475 1210 lag_wood_screw 0
658 1137 1331 917 621 1024 1294 804 long_lag_screw 0
475 888 1183 827 464 762 1172 700 long_lag_screw 0
1140 1195 1113 968 1004 1211 977 984 bolt 0
815 247 700 445 940 319 825 517 bolt 0
519 1067 481 761 417 1080 378 774 black_oxide_screw 0
1566 1106 1420 839 1475 1156 1329 889 black_oxide_screw 0
1743 738 1136 741 1743 837 1136 840 wood_screw 0
706 305 1221 589 757 211 1273 495 wood_screw 0
1389 1205 1173 1007 1321 1279 1105 1081 shiny_screw 0
570 771 662 491 478 741 570 461 shiny_screw 0
957 680 1068 474 895 646 1006 441 short_wood_screw 0
1244 1209 1098 1040 1192 1254 1046 1085 short_wood_screw 0
