135 335 370 334 134 123 369 121 large_nut 0
663 607 779 407 538 534 653 334 bolt 0
832 882 999 882 832 704 1000 705 nut 0
1062 635 1061 339 963 636 962 339 shiny_screw 0
1345 523 1408 523 1345 458 1408 458 nut 0
1283 947 1370 947 1284 855 1371 855 nut 0
460 1040 619 771 369 986 529 717 black_oxide_screw 0
1702 379 771 158 1676 487 746 266 lag_wood_screw 0
575 1192 1240 940 536 1088 1201 837 long_lag_screw 0
748 813 684 688 704 835 640 711 machine_screw 0
552 383 509 319 496 420 454 356 short_machine_screw 0
1706 793 1216 462 1645 883 1155 552 wood_screw 0
318 540 210 752 383 573 275 785 short_wood_screw 0
