682 911 771 911 682 823 771 823 nut 0
198 169 290 169 198 76 290 76 nut 0
656 1304 890 1305 657 1085 891 1086 large_nut 0
1034 661 1256 659 1032 447 1254 444 large_nut 0
1075 1407 1243 1408 1076 1232 1244 1234 nut 0
1054 1123 948 853 963 1159 857 889 shiny_screw 0
1004 838 997 545 905 840 899 547 shiny_screw 0
980 188 1145 184 976 12 1141 7 nut 0
1510 706 1437 410 1412 730 1338 435 black_oxide_screw 0
605 1062 404 372 491 1095 290 406 long_lag_screw 0
1459 1419 1245 749 1348 1455 1135 784 long_lag_screw 0
545 264 846 250 540 161 841 147 black_oxide_screw 0
1563 74 681 459 1609 179 727 564 lag_wood_screw 0
1755 1301 1863 366 1639 1287 1747 352 lag_wood_screw 0
