720 675 789 675 720 610 789 610 nut 0
535 192 562 904 655 187 682 900 long_lag_screw 0
543 1348 1120 927 473 1252 1051 831 long_lag_screw 0
106 535 1071 553 108 424 1073 442 lag_wood_screw 0
1146 520 497 1248 1231 596 582 1324 lag_wood_screw 0
634 360 603 946 736 365 706 952 wood_screw 0
792 605 869 1188 902 591 979 1174 wood_screw 0
1106 485 968 680 1165 527 1026 722 short_wood_screw 0
1179 671 1406 614 1162 604 1389 546 short_wood_screw 0
1223 801 969 924 1263 884 1009 1007 shiny_screw 0
930 710 661 792 960 807 691 890 shiny_screw 0
1099 720 822 587 1057 807 780 674 black_oxide_screw 0
964 394 673 379 959 482 668 468 black_oxide_screw 0
177 727 392 637 124 602 340 512 bolt 0
633 1050 878 1101 662 909 907 959 bolt 0
