419 1147 650 1146 418 919 649 918 large_nut 0
926 557 1101 556 925 389 1101 389 nut 0
749 439 757 208 606 434 614 203 bolt 0
1243 1225 1310 1225 1244 1160 1310 1160 nut 0
901 217 1457 403 935 116 1491 301 wood_screw 0
1119 790 1207 790 1119 699 1208 700 nut 0
1056 1058 783 936 1015 1149 742 1026 black_oxide_screw 0
449 88 104 980 560 131 215 1023 lag_wood_screw 0
822 1335 821 1261 755 1336 754 1262 short_machine_screw 0
937 751 772 578 884 801 719 629 short_wood_screw 0
1566 415 1233 1037 1669 470 1336 1092 long_lag_screw 0
1217 458 1259 748 1313 444 1355 734 shiny_screw 0
507 646 588 533 469 619 550 506 machine_screw 0
