142 816 361 817 143 583 362 584 large_nut 0
887 1168 1122 1167 887 939 1122 939 large_nut 0
1428 847 1604 847 1428 680 1604 680 nut 0
426 906 599 906 426 752 599 751 nut 0
657 566 856 446 589 451 788 332 bolt 0
1040 871 1131 874 1043 782 1134 785 nut 0
1375 965 1441 965 1375 900 1442 901 nut 0
806 1084 889 797 708 1056 791 769 shiny_screw 0
489 632 577 632 489 547 578 548 nut 0
1379 456 816 285 1348 558 785 387 wood_screw 0
1373 659 1562 423 1292 594 1482 359 black_oxide_screw 0
1349 1065 1090 396 1236 1109 977 440 long_lag_screw 0
418 980 437 907 355 963 374 891 short_machine_screw 0
298 533 1170 149 253 432 1126 47 lag_wood_screw 0
883 704 986 787 911 668 1015 752 machine_screw 0
600 734 714 934 660 700 774 900 short_wood_screw 0
751 495 699 625 796 513 744 643 machine_screw 0
1058 734 1016 669 1006 767 965 702 short_machine_screw 0
