1081 1064 1170 1064 1081 973 1171 973 nut 0
785 964 874 963 785 873 873 873 nut 0
1178 839 1408 840 1179 617 1409 618 large_nut 0
729 753 901 754 730 580 902 581 nut 0
333 354 560 354 334 129 561 130 large_nut 0
1595 1049 1576 762 1498 1056 1478 768 shiny_screw 0
865 1132 1031 1131 865 964 1031 964 nut 0
1167 861 1052 160 1050 881 935 180 long_lag_screw 0
651 780 572 1082 748 805 670 1107 black_oxide_screw 0
618 578 374 752 676 659 432 833 black_oxide_screw 0
1312 1057 1060 1192 1358 1143 1107 1278 shiny_screw 0
-20 396 441 956 68 323 529 883 long_lag_screw 0
116 914 892 1472 182 822 958 1380 lag_wood_screw 0
845 105 1645 613 907 7 1707 515 lag_wood_screw 0
