772 967 821 745 637 937 686 715 bolt 0
690 1227 889 1339 758 1106 957 1218 bolt 0
1559 745 1266 714 1549 842 1256 812 black_oxide_screw 0
639 1211 668 909 541 1202 570 899 black_oxide_screw 0
453 415 726 495 480 322 753 402 shiny_screw 0
485 638 1173 791 510 524 1199 677 long_lag_screw 0
901 342 963 342 901 283 963 283 nut 0
1881 925 932 804 1868 1033 918 912 lag_wood_screw 0
505 1228 386 278 393 1242 273 292 lag_wood_screw 0
1628 445 1365 571 1671 535 1407 660 shiny_screw 0
1082 1185 1143 1185 1082 1122 1143 1122 nut 0
1634 151 1125 649 1719 238 1210 735 long_lag_screw 0
1025 560 1395 102 946 496 1316 38 wood_screw 0
1083 1313 1588 1013 1030 1223 1534 924 wood_screw 0
643 1439 839 1313 605 1381 801 1255 short_wood_screw 0
1764 702 1544 767 1785 771 1565 836 short_wood_screw 0
