635 804 725 805 636 713 726 714 nut 0
852 675 943 675 853 581 944 582 nut 0
724 451 957 451 724 234 957 234 large_nut 0
527 585 695 582 523 409 692 406 nut 0
768 1079 992 1078 768 850 992 849 large_nut 0
984 1301 1158 1301 984 1128 1157 1128 nut 0
1628 567 1345 452 1592 657 1308 542 shiny_screw 0
889 1338 704 1090 813 1395 628 1147 shiny_screw 0
1563 1109 736 597 1504 1204 677 691 lag_wood_screw 0
1411 344 1362 40 1312 360 1263 56 black_oxide_screw 0
536 120 241 784 649 171 354 834 long_lag_screw 0
83 910 994 1236 123 798 1034 1125 lag_wood_screw 0
1054 551 1283 760 1127 472 1355 681 black_oxide_screw 0
1068 314 1402 932 1173 257 1507 875 long_lag_screw 0
