411 1149 637 1147 409 922 635 920 large_nut 0
1255 947 1476 892 1222 817 1443 761 bolt 0
925 967 1099 968 925 799 1099 799 nut 0
858 1177 1165 1189 862 1071 1169 1083 black_oxide_screw 0
707 827 771 826 707 762 771 762 nut 0
583 252 677 253 584 168 678 168 nut 0
459 486 562 398 429 450 531 362 machine_screw 0
1476 596 1192 620 1484 697 1200 720 shiny_screw 0
271 1225 438 281 165 1207 332 262 lag_wood_screw 0
812 1369 797 1132 740 1373 724 1137 short_wood_screw 0
859 699 1493 401 810 595 1444 296 long_lag_screw 0
1149 46 687 428 1219 131 756 513 wood_screw 0
536 747 555 670 473 731 492 654 short_machine_screw 0
