1047 1112 1276 1112 1048 888 1277 889 large_nut 0
857 263 1086 265 858 42 1087 43 large_nut 0
336 820 507 819 335 647 506 647 nut 0
651 358 815 359 652 180 816 181 nut 0
1058 1309 758 1258 1041 1406 741 1356 shiny_screw 0
663 554 750 555 664 470 751 471 nut 0
461 459 580 743 579 410 698 694 black_oxide_screw 0
1630 1015 1348 907 1595 1107 1312 999 shiny_screw 0
890 1105 977 1107 891 1021 978 1022 nut 0
1358 1351 1159 1105 1277 1415 1079 1170 black_oxide_screw 0
1222 134 603 854 1304 205 685 925 lag_wood_screw 0
605 1124 1097 606 520 1044 1012 525 long_lag_screw 0
1155 497 505 1198 1254 588 604 1290 lag_wood_screw 0
1879 620 1162 710 1894 743 1177 832 long_lag_screw 0
