1291 792 1529 794 1293 585 1531 588 large_nut 0
879 1054 801 840 744 1103 666 889 bolt 0
416 1054 588 1056 417 878 589 880 nut 0
1114 827 1180 827 1114 763 1180 763 nut 0
1024 577 805 794 1097 651 878 867 black_oxide_screw 0
955 1029 1047 1030 955 936 1047 936 nut 0
389 744 634 584 335 662 580 502 short_wood_screw 0
604 1275 1549 1360 614 1164 1559 1250 lag_wood_screw 0
1264 1162 1221 1026 1218 1176 1175 1041 machine_screw 0
1364 291 1764 879 1463 224 1863 812 long_lag_screw 0
997 106 704 627 1092 159 799 680 wood_screw 0
1628 1068 1391 1018 1613 1139 1376 1090 short_wood_screw 0
1115 574 1173 632 1162 528 1220 585 short_machine_screw 0
