683 394 914 395 684 175 915 176 large_nut 0
99 716 335 717 100 500 336 501 large_nut 0
514 841 684 839 513 666 683 664 nut 0
263 1137 275 841 162 1132 175 837 shiny_screw 0
878 1167 1050 1167 878 993 1050 993 nut 0
412 441 639 237 343 365 570 161 black_oxide_screw 0
1137 371 1235 371 1136 282 1235 282 nut 0
926 930 1860 939 927 819 1861 828 lag_wood_screw 0
750 1341 847 1341 750 1245 847 1245 nut 0
979 185 1671 293 997 71 1688 179 long_lag_screw 0
1702 503 737 579 1711 614 746 689 lag_wood_screw 0
1342 1049 1074 1222 1401 1141 1133 1313 black_oxide_screw 0
1206 1337 1454 1171 1152 1256 1400 1090 shiny_screw 0
784 786 296 1307 871 868 383 1389 long_lag_screw 0
