1409 1137 1628 1139 1410 909 1629 910 large_nut 0
1003 1357 1034 1132 867 1338 898 1113 bolt 0
445 388 618 387 444 215 617 214 nut 0
850 1038 915 1038 850 975 915 975 nut 0
344 451 492 1143 465 425 614 1117 long_lag_screw 0
712 583 802 584 713 497 803 498 nut 0
749 740 1006 880 795 654 1052 794 shiny_screw 0
1319 1205 1199 926 1228 1244 1108 965 black_oxide_screw 0
1791 299 917 689 1835 399 961 789 lag_wood_screw 0
1722 498 1232 833 1782 586 1292 921 wood_screw 0
1115 393 1011 180 1056 422 952 209 short_wood_screw 0
644 993 760 921 619 953 735 881 machine_screw 0
1645 951 1677 878 1587 926 1618 853 short_machine_screw 0
