1196 881 1417 882 1197 650 1418 652 large_nut 0
813 990 961 1170 914 907 1062 1087 bolt 0
297 657 534 655 296 444 532 442 large_nut 0
646 1122 818 1121 645 951 817 950 nut 0
617 923 790 923 617 756 790 756 nut 0
968 705 1053 706 968 613 1053 614 nut 0
1129 952 1218 954 1131 863 1220 865 nut 0
488 1173 748 1330 540 1087 800 1243 black_oxide_screw 0
829 711 807 575 783 718 761 583 machine_screw 0
853 393 918 393 853 328 918 328 nut 0
337 1408 744 538 236 1361 644 491 lag_wood_screw 0
553 411 542 335 487 421 476 345 short_machine_screw 0
1123 366 848 474 1159 458 884 566 shiny_screw 0
204 614 -34 1150 303 659 65 1194 wood_screw 0
916 1189 807 1270 945 1229 836 1310 machine_screw 0
614 361 791 506 659 306 836 451 short_wood_screw 0
1367 1240 893 711 1286 1312 812 783 long_lag_screw 0
251 836 210 888 302 877 260 928 short_machine_screw 0
