1396 686 1627 685 1395 465 1626 464 large_nut 0
348 579 581 578 348 350 581 349 large_nut 0
724 971 891 971 724 795 892 796 nut 0
1228 1207 1321 1000 1095 1147 1189 940 bolt 0
612 777 785 777 611 620 784 619 nut 0
1223 683 1314 688 1228 592 1319 596 nut 0
1016 623 1101 625 1017 534 1103 536 nut 0
1063 1013 987 901 1024 1040 948 928 machine_screw 0
777 1263 976 1045 699 1192 899 974 black_oxide_screw 0
708 334 865 503 762 284 918 453 short_wood_screw 0
1248 354 957 374 1255 457 964 477 shiny_screw 0
1014 1160 880 1129 1003 1206 870 1175 machine_screw 0
1444 965 842 579 1382 1062 780 676 long_lag_screw 0
799 745 859 745 799 678 859 678 nut 0
432 720 122 1221 538 786 228 1287 wood_screw 0
665 566 719 515 621 518 675 468 short_machine_screw 0
561 1393 657 442 449 1382 545 431 lag_wood_screw 0
306 1113 274 1170 360 1143 328 1200 short_machine_screw 0
