537 589 770 589 537 373 771 373 large_nut 0
555 1129 780 1128 553 899 779 898 large_nut 0
1562 694 1731 694 1562 517 1730 517 nut 0
973 646 969 338 868 647 864 339 black_oxide_screw 0
1026 1036 979 749 927 1053 879 766 shiny_screw 0
429 841 596 841 428 662 595 662 nut 0
1299 749 1386 750 1300 660 1387 661 nut 0
366 939 288 237 255 952 177 249 long_lag_screw 0
146 1240 1103 1324 156 1124 1113 1208 lag_wood_screw 0
1618 133 672 -6 1602 241 656 101 lag_wood_screw 0
1245 921 1157 629 1148 950 1060 658 black_oxide_screw 0
1121 427 1208 427 1122 333 1209 334 nut 0
1736 711 1113 1042 1790 814 1168 1145 long_lag_screw 0
451 249 311 -7 361 298 221 41 shiny_screw 0
