719 409 758 181 578 385 617 157 bolt 0
1629 244 1399 250 1632 379 1403 385 bolt 0
1172 921 1238 921 1172 858 1238 858 nut 0
217 767 280 1352 323 756 386 1340 wood_screw 0
484 554 550 554 484 489 551 489 nut 0
1052 1123 940 1043 1023 1163 911 1082 machine_screw 0
1814 689 1270 429 1767 787 1223 528 wood_screw 0
687 1141 617 1020 646 1165 576 1044 machine_screw 0
1048 666 954 448 985 693 891 475 short_wood_screw 0
808 653 577 706 824 721 592 773 short_wood_screw 0
978 927 1055 941 990 864 1067 878 short_machine_screw 0
1472 889 1552 898 1479 825 1559 834 short_machine_screw 0
