1002 1046 1236 1048 1004 830 1238 833 large_nut 0
1461 1066 1631 1066 1460 891 1630 890 nut 0
754 798 897 620 646 711 789 533 bolt 0
1223 714 1289 714 1223 649 1289 649 nut 0
762 1378 845 1379 762 1288 845 1288 nut 0
629 231 433 463 706 296 510 528 black_oxide_screw 0
1527 1112 822 1148 1533 1229 828 1265 long_lag_screw 0
964 673 1205 516 912 593 1153 435 shiny_screw 0
942 118 1693 686 1009 29 1760 598 lag_wood_screw 0
340 587 771 998 415 508 846 919 wood_screw 0
384 789 237 974 438 832 291 1017 short_wood_screw 0
238 1091 374 1080 235 1046 370 1035 machine_screw 0
597 1171 628 1110 541 1143 572 1082 short_machine_screw 0
