590 924 404 790 509 1036 323 903 bolt 0
623 421 515 219 506 484 397 282 bolt 0
1256 820 1322 820 1257 754 1322 754 nut 0
697 984 765 984 698 918 766 918 nut 0
1339 192 766 332 1364 296 791 436 wood_screw 0
464 1202 460 1117 394 1205 390 1120 short_machine_screw 0
926 42 1024 140 961 8 1059 105 machine_screw 0
1199 893 743 517 1132 974 676 598 wood_screw 0
1133 598 1344 503 1104 533 1315 439 short_wood_screw 0
622 1318 858 1274 609 1250 845 1207 short_wood_screw 0
1103 1186 1037 1066 1061 1210 995 1090 machine_screw 0
400 662 432 596 340 633 372 567 short_machine_screw 0
