496 982 706 984 499 752 709 755 large_nut 0
1143 506 1295 330 1035 413 1187 237 bolt 0
775 1238 944 1237 775 1057 944 1057 nut 0
346 383 343 976 455 384 452 977 wood_screw 0
1099 882 1192 606 1003 849 1095 574 shiny_screw 0
884 504 967 505 885 411 968 412 nut 0
1286 1126 1294 988 1237 1123 1245 985 machine_screw 0
1354 812 1295 516 1255 832 1196 536 black_oxide_screw 0
1318 91 1474 1036 1427 73 1584 1018 lag_wood_screw 0
952 22 259 187 981 140 287 306 long_lag_screw 0
680 613 587 393 618 639 526 419 short_wood_screw 0
715 336 776 289 676 284 737 237 short_machine_screw 0
