514 300 586 523 651 256 722 479 bolt 0
373 1253 448 1039 246 1209 320 995 bolt 0
219 391 184 980 326 397 291 986 wood_screw 0
956 919 1021 919 956 854 1021 854 nut 0
1525 22 949 177 1553 125 976 280 wood_screw 0
1354 616 1422 617 1354 550 1422 551 nut 0
645 789 576 671 603 814 533 696 machine_screw 0
1470 1059 1393 1040 1453 1126 1376 1106 short_machine_screw 0
614 1297 500 1224 587 1339 473 1265 machine_screw 0
703 1114 777 889 634 1091 708 866 short_wood_screw 0
1198 730 1150 501 1127 745 1078 516 short_wood_screw 0
880 1361 939 1312 836 1309 896 1259 short_machine_screw 0
