686 1080 783 1081 686 985 784 986 nut 0
736 703 826 704 736 612 827 613 nut 0
739 310 965 312 741 81 967 83 large_nut 0
1038 679 1210 679 1038 511 1210 511 nut 0
1365 641 1584 641 1365 404 1584 404 large_nut 0
332 563 506 565 334 397 507 398 nut 0
919 1278 1488 858 845 1177 1413 757 long_lag_screw 0
747 592 989 786 809 514 1051 709 black_oxide_screw 0
1140 1396 1812 727 1051 1307 1724 639 lag_wood_screw 0
715 874 507 1108 790 942 583 1175 black_oxide_screw 0
382 1090 631 910 324 1009 573 830 shiny_screw 0
730 344 49 1024 810 424 129 1104 lag_wood_screw 0
1178 109 1785 472 1237 11 1844 374 long_lag_screw 0
990 964 1240 813 939 880 1188 728 shiny_screw 0
