1051 1172 1281 1173 1051 952 1282 952 large_nut 0
1546 1232 1779 1233 1546 1013 1780 1014 large_nut 0
476 808 647 806 474 634 645 632 nut 0
945 432 657 543 983 530 695 641 black_oxide_screw 0
1487 760 1659 759 1486 596 1657 595 nut 0
778 853 875 853 778 758 875 757 nut 0
1038 1396 969 1098 940 1419 871 1121 shiny_screw 0
1201 849 1505 930 1228 748 1532 829 black_oxide_screw 0
1070 1319 1157 1322 1073 1232 1161 1235 nut 0
1554 174 1282 299 1596 265 1323 390 shiny_screw 0
1348 92 480 499 1399 201 530 607 lag_wood_screw 0
-1 970 853 1405 52 864 907 1299 lag_wood_screw 0
767 1178 1251 643 677 1097 1161 561 long_lag_screw 0
178 759 750 313 101 660 674 214 long_lag_screw 0
