673 1112 657 880 530 1122 514 890 bolt 0
1560 900 1417 718 1447 988 1305 806 bolt 0
1066 726 1133 726 1067 660 1134 661 nut 0
968 1350 1080 767 863 1329 975 747 wood_screw 0
1104 1032 1169 1032 1104 966 1169 966 nut 0
1025 115 1190 684 1127 85 1293 655 wood_screw 0
1472 635 1552 520 1433 608 1514 493 machine_screw 0
771 111 593 274 820 165 642 328 short_wood_screw 0
756 803 779 940 807 794 830 932 machine_screw 0
481 559 559 541 465 491 543 473 short_machine_screw 0
754 570 958 441 716 510 920 381 short_wood_screw 0
326 663 360 734 384 636 418 707 short_machine_screw 0
