795 307 915 112 672 230 792 36 bolt 0
825 1216 1058 1217 826 995 1059 996 large_nut 0
1061 820 1227 819 1060 647 1226 646 nut 0
773 846 840 846 774 780 840 781 nut 0
1414 922 1122 865 1396 1019 1103 962 black_oxide_screw 0
576 685 592 613 516 672 532 600 short_machine_screw 0
421 157 254 846 532 184 365 873 long_lag_screw 0
528 388 616 388 528 305 615 305 nut 0
738 647 1022 587 718 554 1003 494 shiny_screw 0
1091 401 1070 263 1044 408 1023 270 machine_screw 0
629 805 459 967 677 855 507 1018 short_wood_screw 0
1638 910 1244 465 1557 981 1164 535 wood_screw 0
1166 127 1751 869 1255 57 1840 799 lag_wood_screw 0
