1299 1308 1387 1309 1300 1219 1388 1219 nut 0
779 685 868 685 779 595 869 595 nut 0
638 1007 859 1009 640 778 862 781 large_nut 0
1045 1058 1280 1056 1044 841 1279 839 large_nut 0
749 543 835 259 647 512 734 228 shiny_screw 0
683 1375 853 1375 683 1203 853 1203 nut 0
1199 1394 1343 1135 1113 1347 1257 1087 shiny_screw 0
1162 424 1325 422 1160 245 1323 243 nut 0
1066 717 1327 545 1006 626 1267 454 black_oxide_screw 0
1039 323 1107 30 939 300 1007 6 black_oxide_screw 0
907 447 865 1166 1033 455 991 1174 long_lag_screw 0
211 340 307 1059 333 324 429 1043 long_lag_screw 0
1305 161 1332 1121 1420 158 1447 1118 lag_wood_screw 0
506 180 437 1140 622 189 553 1149 lag_wood_screw 0
