636 891 731 891 636 798 731 798 nut 0
942 914 1033 914 942 822 1033 822 nut 0
727 525 896 528 730 354 899 357 nut 0
589 708 802 708 589 489 803 490 nut 0
1005 876 1176 876 1005 714 1176 713 nut 0
941 738 1159 734 938 513 1156 510 large_nut 0
1269 423 970 451 1278 521 979 550 shiny_screw 0
614 879 863 707 558 799 807 626 shiny_screw 0
1304 37 424 447 1351 137 471 547 lag_wood_screw 0
1234 321 942 436 1271 415 979 530 black_oxide_screw 0
517 811 540 531 400 801 423 522 black_oxide_screw 0
1384 69 804 492 1459 171 879 595 long_lag_screw 0
432 484 488 1199 568 473 625 1188 long_lag_screw 0
546 1337 1026 505 449 1281 928 449 lag_wood_screw 0
