515 1076 747 1078 517 849 749 851 large_nut 0
1009 1112 1247 1110 1008 896 1246 894 large_nut 0
1347 806 1524 805 1347 654 1524 654 nut 0
117 860 288 859 116 684 287 683 nut 0
654 268 881 294 670 133 897 159 bolt 0
349 190 384 787 456 184 490 781 wood_screw 0
1049 612 1114 612 1049 549 1114 549 nut 0
1204 845 1289 845 1204 754 1289 754 nut 0
1193 450 1278 451 1194 367 1279 367 nut 0
962 1144 1020 848 859 1124 916 828 black_oxide_screw 0
976 494 1672 597 993 376 1689 478 long_lag_screw 0
1007 676 955 548 962 695 910 567 machine_screw 0
794 977 857 976 794 914 857 913 short_machine_screw 0
584 428 818 448 591 355 824 375 short_wood_screw 0
747 496 528 687 813 571 594 763 shiny_screw 0
1044 872 1018 799 986 893 960 820 short_machine_screw 0
245 1040 1124 1406 288 937 1166 1303 lag_wood_screw 0
