595 1098 829 1098 594 881 828 881 large_nut 0
1230 986 1295 766 1091 946 1155 726 bolt 0
1409 704 1576 704 1409 527 1576 527 nut 0
199 939 476 809 155 846 432 715 black_oxide_screw 0
703 634 768 633 703 568 767 568 nut 0
927 750 806 684 903 793 782 726 machine_screw 0
189 722 489 689 179 625 478 593 shiny_screw 0
1129 523 1222 524 1129 440 1222 441 nut 0
647 1327 1572 1090 620 1219 1545 982 lag_wood_screw 0
414 1039 374 1086 462 1079 422 1127 machine_screw 0
1238 160 725 441 1290 256 777 537 wood_screw 0
816 275 1049 223 800 204 1033 152 short_wood_screw 0
711 280 24 458 738 386 51 564 long_lag_screw 0
