1284 600 1456 600 1284 430 1456 430 nut 0
1400 925 1368 694 1259 945 1226 714 bolt 0
1504 362 1736 362 1504 145 1736 145 large_nut 0
566 26 550 332 669 31 652 337 black_oxide_screw 0
711 335 778 336 712 269 779 270 nut 0
1036 382 1120 383 1037 287 1121 288 nut 0
1009 1349 685 446 905 1386 580 484 lag_wood_screw 0
400 242 419 955 527 239 547 951 long_lag_screw 0
1041 1060 1200 884 989 1012 1147 836 short_wood_screw 0
963 421 836 680 1052 465 925 724 shiny_screw 0
919 233 943 159 858 214 882 140 short_machine_screw 0
870 822 996 774 852 777 979 728 machine_screw 0
1044 126 1527 450 1104 35 1588 360 wood_screw 0
