649 605 708 382 511 568 570 345 bolt 0
1329 1145 1353 914 1187 1130 1211 899 bolt 0
694 259 760 259 693 194 760 194 nut 0
210 477 299 1063 318 460 407 1047 wood_screw 0
991 705 1056 705 992 640 1057 640 nut 0
1604 247 1004 325 1617 353 1018 431 wood_screw 0
841 981 917 867 802 955 878 840 machine_screw 0
747 705 883 735 758 655 894 685 machine_screw 0
585 968 604 894 520 951 539 877 short_machine_screw 0
1008 1325 888 1119 945 1362 825 1156 short_wood_screw 0
831 467 899 416 791 413 859 362 short_machine_screw 0
1311 498 1302 264 1240 501 1230 267 short_wood_screw 0
