654 725 722 725 654 660 722 660 nut 0
1640 655 1709 655 1640 584 1709 584 nut 0
422 667 1338 379 387 554 1302 266 lag_wood_screw 0
643 54 793 756 758 30 908 732 long_lag_screw 0
1767 243 909 678 1816 338 958 773 lag_wood_screw 0
1333 1226 1483 528 1219 1201 1369 503 long_lag_screw 0
1681 13 1243 427 1752 88 1313 502 wood_screw 0
980 1383 842 799 872 1408 733 825 wood_screw 0
1662 851 1474 710 1575 968 1386 828 bolt 0
808 1037 820 807 670 1030 682 800 bolt 0
975 1301 1244 1168 931 1213 1200 1080 black_oxide_screw 0
960 1160 1253 1149 957 1059 1249 1048 shiny_screw 0
901 878 1186 853 893 790 1178 765 shiny_screw 0
966 1163 881 939 905 1185 821 962 short_wood_screw 0
995 786 1218 707 972 720 1195 641 short_wood_screw 0
1466 309 1224 486 1525 390 1282 566 black_oxide_screw 0
