982 376 1214 378 984 166 1216 168 large_nut 0
639 701 660 468 497 688 518 455 bolt 0
590 240 766 239 590 69 766 69 nut 0
817 605 904 605 817 519 904 519 nut 0
447 1155 400 568 334 1164 288 577 wood_screw 0
719 1148 783 855 617 1126 681 832 black_oxide_screw 0
410 460 475 460 411 395 476 395 nut 0
1292 1222 1450 537 1173 1195 1330 510 long_lag_screw 0
283 262 582 300 296 162 594 200 shiny_screw 0
89 604 218 552 70 558 199 506 machine_screw 0
1391 126 962 986 1490 175 1061 1035 lag_wood_screw 0
1102 542 951 352 1044 588 893 398 short_wood_screw 0
876 100 820 155 922 146 867 202 short_machine_screw 0
