802 739 1012 739 803 506 1013 507 large_nut 0
1386 709 1387 476 1243 708 1244 475 bolt 0
994 1276 1167 1276 994 1107 1167 1107 nut 0
1263 976 1355 976 1263 889 1355 889 nut 0
1005 1026 1070 1026 1005 961 1070 961 nut 0
942 901 1075 839 920 855 1054 793 machine_screw 0
911 403 1047 134 822 358 959 89 black_oxide_screw 0
221 433 443 1354 329 407 551 1328 lag_wood_screw 0
613 752 603 676 545 761 535 685 short_machine_screw 0
509 255 702 944 616 225 809 914 long_lag_screw 0
1417 84 1594 651 1521 52 1698 619 wood_screw 0
819 1290 936 1024 728 1250 845 984 shiny_screw 0
1133 458 1210 231 1063 435 1141 208 short_wood_screw 0
