1292 931 1327 706 1151 909 1186 684 bolt 0
653 998 764 798 526 928 637 728 bolt 0
1494 905 1560 905 1494 839 1560 839 nut 0
743 381 809 381 742 315 809 315 nut 0
915 1158 894 1023 869 1166 848 1030 machine_screw 0
1012 545 1032 466 949 529 969 450 short_machine_screw 0
1384 474 1146 465 1382 546 1143 538 short_wood_screw 0
1477 176 887 206 1482 285 892 315 wood_screw 0
960 838 1050 730 924 808 1014 700 machine_screw 0
410 790 681 264 312 739 582 214 wood_screw 0
674 648 817 454 616 605 759 411 short_wood_screw 0
1085 1069 1047 1000 1033 1097 995 1028 short_machine_screw 0
