509 657 742 657 509 436 743 437 large_nut 0
1423 964 1383 740 1282 989 1242 766 bolt 0
319 919 492 920 319 764 492 764 nut 0
1523 750 1609 750 1523 664 1609 664 nut 0
1336 529 1401 528 1336 464 1400 463 nut 0
430 426 440 190 356 422 367 186 short_wood_screw 0
174 448 310 718 264 403 400 672 black_oxide_screw 0
1712 479 841 88 1666 580 796 189 lag_wood_screw 0
1018 523 998 382 970 530 950 389 machine_screw 0
1253 1101 1021 918 1191 1179 959 996 shiny_screw 0
916 336 289 5 864 434 238 103 long_lag_screw 0
658 1079 1022 609 572 1012 935 543 wood_screw 0
903 1099 872 1031 845 1126 814 1058 short_machine_screw 0
