1171 448 1136 677 1313 470 1277 699 bolt 0
424 549 448 313 280 534 305 299 bolt 0
1527 844 1593 845 1527 779 1593 780 nut 0
702 360 828 298 681 316 806 254 machine_screw 0
1069 1130 1137 1130 1070 1063 1138 1064 nut 0
727 991 646 1002 736 1060 655 1070 short_machine_screw 0
1424 996 1413 859 1375 1000 1364 862 machine_screw 0
1710 502 1330 61 1627 573 1247 132 wood_screw 0
273 1090 688 651 194 1015 609 576 wood_screw 0
931 1057 1119 917 889 1000 1077 860 short_wood_screw 0
839 1342 949 1130 776 1309 885 1097 short_wood_screw 0
739 721 689 784 791 762 741 825 short_machine_screw 0
