1047 1377 1105 1155 909 1341 966 1119 bolt 0
967 896 887 685 834 947 753 735 bolt 0
708 1438 798 1148 610 1407 699 1118 black_oxide_screw 0
1592 982 1660 983 1592 918 1660 918 nut 0
790 605 1077 516 760 506 1047 418 black_oxide_screw 0
748 317 477 227 717 411 446 321 shiny_screw 0
1145 899 1244 630 1050 864 1150 595 shiny_screw 0
288 986 987 1094 306 869 1006 977 long_lag_screw 0
140 1419 808 1131 93 1310 762 1023 long_lag_screw 0
553 258 622 258 553 194 621 193 nut 0
1193 1181 1486 669 1100 1128 1393 616 wood_screw 0
1644 665 1378 138 1551 712 1285 186 wood_screw 0
612 99 1401 636 673 9 1463 546 lag_wood_screw 0
95 1191 646 402 1 1125 552 336 lag_wood_screw 0
471 774 691 716 452 703 673 645 short_wood_screw 0
362 411 435 181 293 388 366 159 short_wood_screw 0
