328 762 567 767 333 553 572 558 large_nut 0
1136 300 1360 299 1135 66 1359 65 large_nut 0
575 1090 747 1090 575 918 747 918 nut 0
1366 876 1259 673 1249 939 1141 736 bolt 0
749 377 923 375 747 207 921 205 nut 0
623 435 715 436 624 351 716 353 nut 0
522 435 716 208 444 368 638 141 black_oxide_screw 0
1187 471 1251 470 1186 406 1251 405 nut 0
514 909 1062 685 472 809 1021 584 wood_screw 0
1143 344 856 341 1142 447 855 444 shiny_screw 0
847 588 729 516 823 628 705 556 machine_screw 0
989 748 1082 748 990 662 1082 662 nut 0
1288 628 1206 417 1222 653 1140 442 short_wood_screw 0
87 547 462 1148 188 484 562 1085 long_lag_screw 0
1213 714 1234 581 1165 706 1185 573 machine_screw 0
1502 1306 702 766 1440 1398 640 858 lag_wood_screw 0
1478 247 1412 214 1448 307 1382 274 short_machine_screw 0
521 531 581 478 480 483 540 431 short_machine_screw 0
