1100 823 909 692 1021 938 830 807 bolt 0
615 849 841 852 618 636 845 639 large_nut 0
968 1208 975 980 831 1205 838 977 bolt 0
1276 721 1445 720 1276 563 1445 562 nut 0
1158 871 1222 871 1158 806 1222 806 nut 0
1260 967 1346 967 1260 883 1346 883 nut 0
1415 408 1712 488 1442 307 1739 387 black_oxide_screw 0
1350 1155 1413 1153 1348 1089 1411 1087 nut 0
1449 327 748 296 1444 443 743 413 long_lag_screw 0
1688 919 1554 666 1599 967 1465 714 shiny_screw 0
1483 1109 1396 1004 1444 1141 1357 1037 machine_screw 0
709 651 830 366 613 610 734 326 black_oxide_screw 0
1081 1054 1325 1221 1135 975 1379 1141 shiny_screw 0
775 984 962 831 730 929 917 776 short_wood_screw 0
715 562 1530 1044 772 466 1587 949 lag_wood_screw 0
1522 839 1065 463 1453 923 995 548 wood_screw 0
1392 1029 1438 968 1345 994 1391 933 short_machine_screw 0
