822 1140 1053 1139 822 917 1053 917 large_nut 0
1703 861 1562 686 1592 951 1450 775 bolt 0
592 362 765 361 592 207 765 206 nut 0
745 1241 714 1015 602 1261 571 1034 bolt 0
1490 957 1478 669 1387 961 1375 673 shiny_screw 0
844 1296 906 1297 844 1231 906 1232 nut 0
726 777 789 777 726 716 789 716 nut 0
1352 769 1368 634 1306 763 1321 628 machine_screw 0
1122 165 858 12 1071 254 806 101 black_oxide_screw 0
1333 417 748 333 1318 523 733 439 wood_screw 0
1118 932 1209 934 1119 847 1210 849 nut 0
804 919 562 748 746 1001 504 830 black_oxide_screw 0
237 823 1156 563 207 718 1127 458 lag_wood_screw 0
1375 150 1154 325 1436 226 1215 401 shiny_screw 0
489 58 241 718 596 99 348 759 long_lag_screw 0
1032 737 1083 801 1085 696 1135 760 short_machine_screw 0
468 970 686 1066 497 905 715 1001 short_wood_screw 0
