477 1096 582 1098 478 1007 584 1009 nut 0
199 743 292 744 200 651 292 652 nut 0
1384 757 1553 756 1384 584 1553 583 nut 0
712 504 927 504 712 280 927 280 large_nut 0
533 860 754 860 533 631 754 631 large_nut 0
256 443 430 443 255 277 430 277 nut 0
1006 752 1609 375 943 652 1546 274 long_lag_screw 0
743 722 903 1415 860 695 1020 1388 long_lag_screw 0
628 977 729 1264 725 943 826 1229 black_oxide_screw 0
1128 795 1348 593 1058 718 1278 516 shiny_screw 0
1011 1115 1910 803 973 1005 1872 693 lag_wood_screw 0
997 -1 932 296 1092 18 1027 316 shiny_screw 0
1343 100 1086 301 1405 179 1148 380 black_oxide_screw 0
572 28 280 959 687 64 395 995 lag_wood_screw 0
