404 1192 473 971 268 1150 336 929 bolt 0
998 717 1092 496 863 660 958 439 bolt 0
1152 747 1218 747 1152 682 1219 682 nut 0
698 682 707 601 631 675 641 594 short_machine_screw 0
636 973 703 975 639 908 705 910 nut 0
1075 873 1121 1004 1123 856 1169 987 machine_screw 0
297 844 569 315 200 794 472 266 wood_screw 0
1615 887 1651 752 1570 874 1606 740 machine_screw 0
959 75 536 488 1035 153 612 566 wood_screw 0
1390 428 1404 351 1327 417 1340 340 short_machine_screw 0
1092 323 1298 209 1059 262 1265 148 short_wood_screw 0
911 965 807 1176 974 996 869 1206 short_wood_screw 0
