1452 795 1684 797 1454 577 1686 579 large_nut 0
838 959 1009 959 838 783 1008 782 nut 0
1228 827 1268 602 1087 802 1127 577 bolt 0
941 1114 1006 1114 941 1049 1006 1049 nut 0
661 360 571 946 767 376 676 962 wood_screw 0
783 574 869 575 784 482 869 483 nut 0
1474 99 806 357 1516 209 849 466 long_lag_screw 0
1139 533 1045 430 1103 566 1009 463 machine_screw 0
1359 598 1580 391 1289 523 1509 316 black_oxide_screw 0
1028 1377 1872 954 979 1279 1823 856 lag_wood_screw 0
1112 885 1076 951 1171 917 1135 983 short_machine_screw 0
548 1073 839 1103 558 973 849 1002 shiny_screw 0
766 830 929 665 714 779 876 613 short_wood_screw 0
