1013 1355 995 1129 878 1366 860 1140 bolt 0
611 396 800 267 533 283 722 154 bolt 0
711 945 776 945 710 880 776 880 nut 0
1461 128 876 41 1445 234 860 147 wood_screw 0
1465 488 1533 488 1465 422 1533 423 nut 0
1050 1002 1046 866 1003 1003 999 867 machine_screw 0
868 349 880 589 942 345 954 585 short_wood_screw 0
558 758 614 632 515 738 571 612 machine_screw 0
103 755 593 1086 162 668 652 999 wood_screw 0
1260 1284 1373 1081 1201 1251 1315 1048 short_wood_screw 0
1186 731 1127 682 1147 778 1088 729 short_machine_screw 0
1261 409 1196 443 1291 464 1225 498 short_machine_screw 0
