590 1180 821 1181 591 956 822 956 large_nut 0
1372 634 1543 633 1371 463 1542 462 nut 0
697 575 633 349 559 614 495 388 bolt 0
559 1187 559 876 456 1187 456 876 black_oxide_screw 0
1030 461 1093 462 1030 398 1093 399 nut 0
352 926 460 335 245 907 352 315 wood_screw 0
1121 1353 1072 633 1010 1360 962 641 long_lag_screw 0
1256 352 1193 480 1301 374 1237 502 machine_screw 0
1421 200 1516 201 1422 103 1516 104 nut 0
1374 102 416 146 1379 211 421 255 lag_wood_screw 0
1422 910 1183 745 1366 990 1128 824 shiny_screw 0
729 714 706 636 667 732 644 655 short_machine_screw 0
1233 1301 1413 1147 1186 1246 1366 1092 short_wood_screw 0
