1171 503 1088 290 1044 553 961 340 bolt 0
725 318 899 168 639 218 812 68 bolt 0
1246 655 1311 655 1246 590 1311 590 nut 0
1488 853 1388 763 1457 888 1357 798 machine_screw 0
344 208 421 797 452 194 529 783 wood_screw 0
1102 906 1169 907 1103 841 1170 842 nut 0
727 760 660 877 768 783 701 900 machine_screw 0
1690 433 1197 97 1629 523 1135 187 wood_screw 0
952 656 989 727 1010 626 1046 697 short_machine_screw 0
614 1048 583 979 556 1074 526 1005 short_machine_screw 0
495 1272 704 1164 463 1209 671 1101 short_wood_screw 0
1179 1359 1172 1122 1112 1361 1105 1124 short_wood_screw 0
