644 1163 487 996 547 1254 390 1088 bolt 0
1544 990 1329 923 1503 1123 1288 1056 bolt 0
678 1158 741 1158 678 1095 741 1095 nut 0
478 976 480 840 431 975 433 839 machine_screw 0
675 593 741 594 675 527 742 528 nut 0
1231 1118 1104 1067 1214 1161 1087 1111 machine_screw 0
1434 644 926 344 1380 736 871 437 wood_screw 0
249 818 627 356 170 753 548 292 wood_screw 0
657 307 837 458 700 255 880 407 short_wood_screw 0
747 853 561 715 705 909 520 772 short_wood_screw 0
1009 1145 969 1085 958 1179 918 1119 short_machine_screw 0
1116 878 1058 827 1075 925 1017 874 short_machine_screw 0
