1219 431 1445 437 1224 211 1451 216 large_nut 0
597 126 684 338 725 74 812 286 bolt 0
1160 133 1027 323 1274 213 1142 403 bolt 0
845 402 1015 401 844 229 1014 228 nut 0
658 621 747 623 660 532 749 534 nut 0
496 447 560 447 496 386 560 386 nut 0
338 869 405 870 338 803 405 803 nut 0
368 426 445 147 271 399 348 120 shiny_screw 0
761 1103 731 819 662 1113 633 830 shiny_screw 0
151 595 816 844 190 491 855 740 long_lag_screw 0
1120 998 915 787 1044 1071 840 860 black_oxide_screw 0
188 831 247 706 145 811 204 686 machine_screw 0
1180 473 1444 613 1228 382 1493 523 black_oxide_screw 0
1744 912 1211 617 1691 1008 1158 712 wood_screw 0
1318 500 1091 430 1297 568 1070 498 short_wood_screw 0
1476 1098 763 461 1402 1181 689 544 lag_wood_screw 0
902 1134 937 1066 845 1105 880 1037 short_machine_screw 0
