400 374 625 375 400 153 625 154 large_nut 0
415 738 517 522 283 675 384 460 bolt 0
1331 456 1505 457 1331 288 1506 288 nut 0
904 774 971 775 905 709 972 710 nut 0
849 792 797 487 747 809 695 504 black_oxide_screw 0
1300 765 1299 624 1251 766 1250 625 machine_screw 0
1276 32 1047 216 1339 111 1111 295 shiny_screw 0
221 1128 920 1299 249 1014 948 1185 long_lag_screw 0
1393 956 446 918 1388 1067 442 1029 lag_wood_screw 0
935 498 917 260 862 504 844 266 short_wood_screw 0
194 854 284 854 194 762 284 763 nut 0
1743 1006 1452 486 1647 1059 1357 539 wood_screw 0
905 287 970 238 865 234 930 185 short_machine_screw 0
