912 1347 978 1347 912 1285 978 1285 nut 0
897 386 957 386 897 326 957 326 nut 0
1206 1293 814 415 1103 1339 711 461 lag_wood_screw 0
808 120 1426 871 895 48 1514 799 lag_wood_screw 0
1626 630 911 558 1614 746 899 674 long_lag_screw 0
276 1098 987 1170 287 984 999 1056 long_lag_screw 0
1436 1142 1048 692 1354 1213 966 763 wood_screw 0
156 543 741 417 133 437 718 311 wood_screw 0
561 379 796 350 544 241 779 212 bolt 0
591 1269 814 1204 553 1136 776 1072 bolt 0
301 667 428 945 392 626 519 903 black_oxide_screw 0
1132 943 994 676 1039 991 900 725 black_oxide_screw 0
658 599 427 797 721 673 490 871 shiny_screw 0
708 526 658 811 805 544 755 828 shiny_screw 0
511 717 712 602 478 659 678 544 short_wood_screw 0
772 664 891 865 830 630 949 831 short_wood_screw 0
