1649 1011 1883 1010 1648 790 1882 789 large_nut 0
1511 1271 1729 1271 1511 1039 1729 1039 large_nut 0
883 1036 1049 1034 882 869 1048 868 nut 0
1285 694 1459 695 1285 526 1459 526 nut 0
833 1007 937 806 718 948 823 746 bolt 0
1595 874 1660 874 1595 811 1660 811 nut 0
1398 1022 1488 1022 1399 934 1488 934 nut 0
572 615 669 1196 680 597 776 1178 wood_screw 0
752 656 747 714 815 661 810 719 short_machine_screw 0
1434 1270 1233 1041 1356 1338 1156 1109 black_oxide_screw 0
778 1164 866 1165 779 1076 867 1078 nut 0
1253 739 1218 465 1154 752 1120 477 shiny_screw 0
864 783 997 808 873 735 1006 760 machine_screw 0
1354 388 650 457 1365 505 662 574 long_lag_screw 0
1055 1358 1248 1242 1017 1295 1210 1179 short_wood_screw 0
1075 943 1177 852 1044 908 1146 817 machine_screw 0
1718 479 1010 1125 1794 562 1087 1208 lag_wood_screw 0
1160 996 1119 938 1112 1030 1071 972 short_machine_screw 0
