585 465 674 465 584 377 673 376 nut 0
1203 823 1421 825 1205 596 1423 598 large_nut 0
1085 804 1046 719 1022 833 983 748 short_machine_screw 0
721 313 888 312 719 141 886 139 nut 0
1046 243 1112 243 1047 179 1112 179 nut 0
1630 832 1501 892 1649 873 1521 934 machine_screw 0
446 878 553 598 356 843 463 563 shiny_screw 0
762 1141 677 923 697 1166 613 947 short_wood_screw 0
1314 79 1818 870 1408 20 1911 811 lag_wood_screw 0
746 774 978 573 678 696 911 494 black_oxide_screw 0
1390 1084 867 796 1338 1177 816 890 wood_screw 0
237 676 621 88 138 611 522 23 long_lag_screw 0
1165 525 1374 426 1105 400 1314 300 bolt 0
