1204 626 1296 625 1203 535 1295 534 nut 0
1053 471 1144 471 1053 375 1144 375 nut 0
1621 736 1804 733 1617 568 1801 564 nut 0
1175 1189 1408 1189 1176 978 1409 978 large_nut 0
855 979 1024 977 853 808 1022 806 nut 0
608 1210 839 1210 609 991 840 992 large_nut 0
631 320 358 450 674 412 402 542 black_oxide_screw 0
1665 1123 1462 444 1544 1159 1341 480 long_lag_screw 0
225 433 91 1134 353 458 218 1159 long_lag_screw 0
909 605 637 727 953 703 681 825 shiny_screw 0
1233 743 1119 460 1141 780 1027 497 black_oxide_screw 0
600 172 850 345 662 82 912 256 shiny_screw 0
723 416 135 1175 817 489 229 1248 lag_wood_screw 0
854 220 1757 493 891 95 1795 368 lag_wood_screw 0
