751 588 840 588 751 498 840 499 nut 0
929 596 1152 598 931 364 1154 366 large_nut 0
378 570 549 569 378 398 549 398 nut 0
990 961 1056 961 990 896 1056 897 nut 0
861 1154 843 924 724 1165 706 934 bolt 0
417 1093 578 848 335 1039 496 794 shiny_screw 0
1074 1059 1081 1147 1136 1054 1144 1142 short_machine_screw 0
1344 310 1490 1014 1458 286 1604 991 long_lag_screw 0
920 729 849 970 998 751 928 993 short_wood_screw 0
1254 1319 1290 1019 1152 1306 1188 1006 black_oxide_screw 0
1131 785 1261 721 1110 741 1240 677 machine_screw 0
989 640 400 770 1013 747 424 876 wood_screw 0
1499 143 538 139 1498 254 538 250 lag_wood_screw 0
