94 436 325 435 93 217 324 216 large_nut 0
1014 553 1245 555 1015 335 1247 336 large_nut 0
285 1242 448 1074 182 1142 345 974 bolt 0
20 1227 188 1227 19 1048 188 1048 nut 0
901 593 954 291 797 575 851 273 black_oxide_screw 0
173 1009 264 1009 173 916 264 916 nut 0
624 351 692 351 624 284 692 284 nut 0
636 1108 1227 1094 634 1005 1225 991 wood_screw 0
742 1339 906 1334 737 1170 902 1166 nut 0
725 756 832 673 695 718 802 634 machine_screw 0
451 473 494 243 381 460 424 229 short_wood_screw 0
489 459 572 460 490 369 573 369 nut 0
528 1290 393 1322 540 1339 405 1372 machine_screw 0
453 702 725 605 419 607 691 510 shiny_screw 0
556 844 521 780 499 875 464 811 short_machine_screw 0
118 701 642 1189 196 617 720 1105 long_lag_screw 0
1221 57 275 42 1219 168 273 153 lag_wood_screw 0
131 886 194 841 94 836 157 791 short_machine_screw 0
