1192 1326 1201 1095 1049 1320 1059 1089 bolt 0
1428 1161 1474 936 1288 1132 1334 907 bolt 0
1000 671 1064 671 1000 606 1064 606 nut 0
1603 622 1670 622 1604 557 1670 558 nut 0
1276 193 1199 782 1380 207 1304 795 wood_screw 0
347 357 368 949 454 354 475 945 wood_screw 0
1472 463 1438 394 1414 492 1380 422 short_machine_screw 0
752 1084 761 947 705 1081 714 944 machine_screw 0
1039 370 1079 298 980 337 1021 265 short_machine_screw 0
735 302 923 447 777 247 966 392 short_wood_screw 0
1047 894 1179 860 1033 837 1165 803 machine_screw 0
692 635 809 435 634 602 750 401 short_wood_screw 0
