555 847 646 848 556 758 647 758 nut 0
455 1167 627 1169 456 998 628 999 nut 0
456 564 675 565 458 336 677 338 large_nut 0
1211 744 1194 662 1146 757 1130 675 short_machine_screw 0
1339 655 1249 539 1295 689 1205 573 machine_screw 0
1391 843 1566 672 1336 787 1511 616 short_wood_screw 0
1666 937 1451 825 1601 1062 1386 951 bolt 0
1766 814 1701 515 1668 835 1603 536 black_oxide_screw 0
1003 946 1066 946 1003 883 1066 882 nut 0
902 421 1606 478 911 304 1615 361 long_lag_screw 0
1312 1014 1018 1044 1322 1110 1027 1140 shiny_screw 0
172 401 214 1358 287 396 329 1353 lag_wood_screw 0
794 582 768 1165 902 587 876 1170 wood_screw 0
