1271 865 1370 865 1270 774 1370 773 nut 0
956 441 1049 442 956 340 1050 341 nut 0
1348 1397 1591 1399 1349 1169 1593 1170 large_nut 0
632 1086 869 1087 632 858 870 859 large_nut 0
607 575 705 292 516 544 613 261 shiny_screw 0
971 1018 1137 1019 971 842 1138 842 nut 0
328 921 496 921 328 745 496 746 nut 0
1228 1310 1286 1025 1132 1290 1190 1005 shiny_screw 0
725 504 915 1192 840 472 1031 1160 long_lag_screw 0
1366 1125 1648 986 1323 1038 1605 899 black_oxide_screw 0
110 893 640 95 11 828 542 29 lag_wood_screw 0
1134 516 1042 807 1233 547 1141 838 black_oxide_screw 0
939 1236 259 1016 904 1346 224 1127 long_lag_screw 0
1722 859 1107 119 1633 933 1018 193 lag_wood_screw 0
