462 394 449 623 604 402 592 631 bolt 0
653 985 677 749 508 970 532 734 bolt 0
819 890 884 890 819 824 885 825 nut 0
100 404 49 986 211 413 159 996 wood_screw 0
1204 33 639 213 1237 137 672 317 wood_screw 0
1217 643 1285 644 1218 578 1286 579 nut 0
475 781 392 663 437 808 353 690 machine_screw 0
1047 313 864 456 1094 372 911 516 short_wood_screw 0
445 1266 320 1208 424 1313 298 1254 machine_screw 0
1300 1035 1220 1015 1285 1096 1205 1077 short_machine_screw 0
732 1356 781 1298 683 1314 732 1257 short_machine_screw 0
227 1141 434 1016 192 1082 398 957 short_wood_screw 0
