714 1303 806 1089 585 1248 677 1033 bolt 0
1187 241 1086 34 1066 301 964 93 bolt 0
1064 783 1127 783 1064 720 1127 720 nut 0
226 388 330 973 334 369 437 954 wood_screw 0
911 595 978 596 911 530 978 531 nut 0
1401 283 1333 869 1507 295 1440 881 wood_screw 0
996 957 1010 882 932 946 946 871 short_machine_screw 0
615 546 644 474 555 522 584 450 short_machine_screw 0
1431 1210 1469 981 1359 1198 1397 969 short_wood_screw 0
607 816 701 714 571 782 665 681 machine_screw 0
1780 843 1636 649 1721 887 1577 693 short_wood_screw 0
703 115 739 247 752 101 788 233 machine_screw 0
