1355 205 1433 205 1355 140 1433 140 nut 0
935 721 1001 721 935 662 1001 662 nut 0
-19 562 507 1048 67 468 594 954 long_lag_screw 0
1128 214 455 27 1093 341 419 154 long_lag_screw 0
1738 374 1164 1137 1826 440 1253 1204 lag_wood_screw 0
686 1069 312 191 581 1113 208 235 lag_wood_screw 0
839 732 612 1269 936 773 709 1310 wood_screw 0
1299 367 707 299 1287 473 695 404 wood_screw 0
1237 790 1087 610 1184 834 1034 654 short_wood_screw 0
1181 346 1154 108 1113 353 1086 116 short_wood_screw 0
1082 1274 1028 989 993 1290 939 1006 shiny_screw 0
550 603 466 320 455 631 371 348 shiny_screw 0
1250 552 1535 477 1225 456 1509 381 black_oxide_screw 0
906 1020 1017 735 811 983 923 698 black_oxide_screw 0
575 631 756 487 488 521 668 377 bolt 0
519 199 446 415 655 245 582 461 bolt 0
