718 602 952 601 717 386 951 385 large_nut 0
1260 465 1154 255 1133 530 1026 320 bolt 0
1178 949 1353 950 1179 781 1354 781 nut 0
1215 1315 1321 1046 1121 1279 1227 1009 shiny_screw 0
680 974 743 973 680 909 743 908 nut 0
564 856 655 556 465 826 556 526 black_oxide_screw 0
1026 1146 980 1020 981 1162 936 1036 machine_screw 0
395 1061 959 1256 430 960 994 1155 wood_screw 0
859 839 1098 880 871 767 1111 808 short_wood_screw 0
1234 119 1600 996 1338 76 1704 952 lag_wood_screw 0
266 786 352 786 266 700 353 701 nut 0
899 92 291 457 960 194 353 559 long_lag_screw 0
1277 672 1284 597 1213 666 1220 591 short_machine_screw 0
