446 973 675 974 446 752 676 752 large_nut 0
871 1247 887 1020 728 1236 745 1009 bolt 0
1356 604 1527 603 1355 433 1526 432 nut 0
1078 918 1143 918 1077 853 1142 853 nut 0
1265 275 1148 198 1238 316 1121 239 machine_screw 0
878 947 1046 693 790 889 959 635 black_oxide_screw 0
821 685 972 435 736 634 887 384 shiny_screw 0
975 1393 1065 1392 975 1297 1064 1296 nut 0
1537 82 1771 995 1643 55 1876 968 lag_wood_screw 0
1743 1252 1290 711 1650 1330 1197 789 long_lag_screw 0
1190 540 1128 492 1149 592 1087 545 short_machine_screw 0
586 616 936 113 497 554 846 51 wood_screw 0
1157 1283 1257 1071 1091 1252 1191 1040 short_wood_screw 0
