1237 571 1455 573 1239 343 1456 344 large_nut 0
917 484 1103 347 832 370 1018 232 bolt 0
1178 1214 1345 1214 1178 1038 1345 1037 nut 0
805 585 735 882 907 609 837 906 black_oxide_screw 0
612 984 677 984 612 920 677 920 nut 0
1071 811 1161 811 1071 723 1161 723 nut 0
1770 993 1487 903 1740 1088 1456 998 shiny_screw 0
1387 794 1344 655 1342 808 1299 669 machine_screw 0
356 1204 571 646 253 1164 468 606 wood_screw 0
907 1367 875 1130 837 1377 805 1140 short_wood_screw 0
1120 573 1092 493 1054 595 1027 516 short_machine_screw 0
1890 851 1377 42 1797 910 1283 101 lag_wood_screw 0
697 226 89 597 758 327 151 698 long_lag_screw 0
