581 1261 814 1261 581 1040 814 1040 large_nut 0
853 681 1078 681 854 452 1079 452 large_nut 0
1365 1068 1346 844 1232 1080 1212 855 bolt 0
404 753 573 753 404 580 573 580 nut 0
712 942 880 942 712 767 880 767 nut 0
540 1336 629 1335 539 1243 628 1243 nut 0
418 973 507 973 418 886 507 886 nut 0
708 624 773 625 709 559 774 560 nut 0
489 1281 745 358 381 1251 638 328 lag_wood_screw 0
1184 718 1056 761 1199 765 1071 807 machine_screw 0
1073 15 489 74 1085 126 501 185 wood_screw 0
711 165 835 219 730 122 854 176 machine_screw 0
309 783 510 570 234 713 435 500 shiny_screw 0
199 796 756 338 122 702 679 244 long_lag_screw 0
1168 468 1125 533 1219 501 1176 566 short_machine_screw 0
872 1329 854 1256 810 1344 792 1271 short_machine_screw 0
1118 1280 993 1007 1025 1323 900 1049 black_oxide_screw 0
310 105 536 199 337 41 563 135 short_wood_screw 0
