538 1157 610 938 402 1113 474 894 bolt 0
1728 429 1548 288 1639 543 1459 402 bolt 0
1242 565 1309 566 1243 500 1310 501 nut 0
811 387 879 388 812 322 880 323 nut 0
1556 65 971 195 1579 171 995 301 wood_screw 0
829 1074 905 962 788 1046 865 935 machine_screw 0
1220 1115 1264 886 1149 1101 1193 872 short_wood_screw 0
983 837 1119 797 970 792 1106 752 machine_screw 0
437 819 698 275 339 772 600 228 wood_screw 0
880 561 677 438 842 623 639 500 short_wood_screw 0
1479 755 1426 697 1432 798 1379 740 short_machine_screw 0
1163 526 1104 470 1120 573 1060 517 short_machine_screw 0
