1506 804 1495 575 1364 811 1352 582 bolt 0
491 1417 584 1204 360 1360 453 1147 bolt 0
244 107 102 686 350 133 208 712 wood_screw 0
1023 836 1094 834 1022 769 1092 767 nut 0
518 905 474 774 475 919 431 788 machine_screw 0
1089 815 1150 815 1089 750 1150 750 nut 0
1654 286 1116 -7 1601 382 1063 88 wood_screw 0
1110 1126 980 1175 1128 1174 998 1223 machine_screw 0
878 1311 921 1245 824 1276 868 1210 short_machine_screw 0
232 1233 431 1091 189 1173 389 1031 short_wood_screw 0
797 311 589 423 829 372 622 483 short_wood_screw 0
615 674 679 629 577 620 641 575 short_machine_screw 0
