1090 1227 1130 1001 949 1203 989 976 bolt 0
1352 1051 1341 824 1216 1058 1205 831 bolt 0
1138 446 1205 447 1138 382 1205 382 nut 0
492 1007 431 419 386 1018 325 430 wood_screw 0
834 959 900 960 835 894 901 895 nut 0
712 255 1290 152 693 148 1271 45 wood_screw 0
806 654 911 745 840 615 944 706 machine_screw 0
661 623 528 582 646 670 513 629 machine_screw 0
966 440 906 387 921 490 862 437 short_machine_screw 0
1090 742 1269 592 1043 686 1222 536 short_wood_screw 0
704 480 603 261 637 511 536 292 short_wood_screw 0
747 972 696 912 697 1013 647 953 short_machine_screw 0
