1184 747 1252 747 1184 685 1252 685 nut 0
351 277 1093 889 423 189 1166 801 lag_wood_screw 0
1323 388 1119 1324 1429 412 1225 1348 lag_wood_screw 0
1416 923 1755 311 1313 867 1652 255 long_lag_screw 0
424 754 1109 948 454 647 1139 842 long_lag_screw 0
1675 1060 1156 765 1623 1151 1104 856 wood_screw 0
885 218 1252 680 981 142 1348 604 wood_screw 0
1018 209 834 346 1099 318 914 454 bolt 0
969 1234 1076 1025 841 1168 949 959 bolt 0
1169 1070 1394 1249 1231 991 1456 1170 black_oxide_screw 0
599 811 718 530 503 770 622 489 black_oxide_screw 0
764 356 833 629 853 333 923 606 shiny_screw 0
565 642 750 408 490 583 674 349 shiny_screw 0
958 636 1158 514 920 574 1120 452 short_wood_screw 0
619 1024 853 1057 629 949 864 982 short_wood_screw 0
279 721 341 721 279 692 341 692 nut 0
