455 1172 674 1172 456 945 674 945 large_nut 0
1039 1012 1129 801 915 958 1005 748 bolt 0
917 439 1088 440 917 268 1088 269 nut 0
802 542 867 542 802 477 866 477 nut 0
1535 893 1633 890 1532 808 1630 804 nut 0
503 295 736 967 607 258 841 930 long_lag_screw 0
781 1321 553 1150 721 1402 492 1231 shiny_screw 0
1274 935 1542 417 1177 885 1445 367 wood_screw 0
1106 1086 1021 1191 1143 1116 1057 1221 machine_screw 0
319 884 570 715 263 801 514 632 black_oxide_screw 0
1415 985 1207 1085 1444 1046 1236 1146 short_wood_screw 0
1497 1202 1502 1126 1436 1198 1441 1122 short_machine_screw 0
1890 800 1347 22 1802 861 1259 83 lag_wood_screw 0
