396 350 491 349 395 256 490 256 nut 0
897 623 982 623 897 537 982 537 nut 0
496 254 729 255 497 36 730 38 large_nut 0
1281 399 1452 401 1283 235 1454 237 nut 0
1382 1025 1601 1025 1382 799 1601 799 large_nut 0
251 943 423 942 249 774 421 773 nut 0
1078 1054 1059 759 981 1060 962 765 shiny_screw 0
1786 689 1598 453 1707 752 1519 516 black_oxide_screw 0
1474 1277 1268 1052 1398 1347 1192 1122 black_oxide_screw 0
1044 67 1320 736 1155 21 1431 690 long_lag_screw 0
369 654 850 1173 452 578 933 1096 long_lag_screw 0
1301 876 920 -1 1197 921 817 43 lag_wood_screw 0
206 1119 1105 1432 247 1003 1145 1316 lag_wood_screw 0
649 498 832 733 737 430 920 664 shiny_screw 0
