872 338 963 338 873 245 963 245 nut 0
349 1216 440 1215 348 1123 439 1121 nut 0
591 1316 761 1316 591 1147 761 1147 nut 0
912 825 1134 827 914 609 1135 611 large_nut 0
655 594 875 593 655 375 875 374 large_nut 0
1251 1170 1097 906 1164 1220 1011 957 black_oxide_screw 0
798 1021 973 1019 796 858 970 855 nut 0
1322 755 1411 453 1222 725 1310 423 black_oxide_screw 0
449 877 806 255 345 818 703 196 long_lag_screw 0
1063 265 472 1028 1152 334 562 1097 lag_wood_screw 0
722 1026 982 1167 768 942 1028 1083 shiny_screw 0
1584 1159 1399 221 1457 1184 1272 246 lag_wood_screw 0
1292 993 1213 287 1177 1006 1098 300 long_lag_screw 0
1010 469 792 681 1079 540 861 752 shiny_screw 0
