707 1329 762 1106 568 1294 624 1072 bolt 0
539 654 756 558 481 521 698 426 bolt 0
967 1190 1034 1190 967 1125 1034 1125 nut 0
1032 214 1098 215 1033 148 1099 149 nut 0
781 190 827 322 830 173 876 305 machine_screw 0
837 864 872 931 894 833 930 900 short_machine_screw 0
1536 815 1569 949 1584 804 1616 938 machine_screw 0
315 1199 750 775 241 1123 675 698 wood_screw 0
1651 402 1236 -14 1574 479 1159 62 wood_screw 0
1547 536 1317 590 1564 609 1334 663 short_wood_screw 0
1428 1096 1276 919 1372 1144 1221 967 short_wood_screw 0
1230 383 1270 455 1287 351 1327 424 short_machine_screw 0
