272 1201 364 1201 272 1110 364 1110 nut 0
971 975 1061 976 971 886 1061 887 nut 0
608 1304 779 1302 606 1129 778 1128 nut 0
815 870 1042 869 814 655 1041 654 large_nut 0
227 876 453 877 228 651 454 652 large_nut 0
1368 428 1545 428 1368 260 1545 260 nut 0
1009 1283 805 1059 935 1350 732 1126 shiny_screw 0
1647 679 1367 590 1617 775 1337 686 shiny_screw 0
1228 607 1379 342 1138 556 1289 291 black_oxide_screw 0
823 401 574 1070 943 446 694 1115 long_lag_screw 0
1771 1299 1168 558 1673 1379 1069 639 lag_wood_screw 0
463 102 10 670 553 173 100 741 long_lag_screw 0
125 285 1098 234 119 159 1091 109 lag_wood_screw 0
384 468 147 687 458 549 221 768 black_oxide_screw 0
