1519 905 1749 907 1521 687 1751 689 large_nut 0
1255 1355 1318 1136 1121 1317 1184 1097 bolt 0
1378 827 1549 827 1378 656 1549 656 nut 0
741 983 806 983 741 919 806 918 nut 0
921 1000 1153 808 855 921 1087 729 black_oxide_screw 0
722 660 1009 637 715 562 1002 539 shiny_screw 0
389 1335 1275 971 347 1234 1234 870 lag_wood_screw 0
877 783 872 710 815 787 810 715 short_machine_screw 0
1064 623 1408 1227 1159 569 1503 1173 long_lag_screw 0
929 379 1016 382 932 292 1019 295 nut 0
975 125 562 547 1055 203 642 625 wood_screw 0
1182 450 1167 316 1124 457 1108 323 machine_screw 0
1572 402 1340 352 1558 467 1326 418 short_wood_screw 0
