881 874 1096 874 881 651 1096 651 large_nut 0
629 1170 816 1044 549 1053 736 926 bolt 0
1296 713 1467 711 1295 540 1466 538 nut 0
809 966 898 965 809 875 898 874 nut 0
743 896 956 812 692 767 905 682 bolt 0
1441 800 1173 946 1488 887 1220 1034 black_oxide_screw 0
1127 315 1192 314 1127 249 1191 249 nut 0
1362 1086 1177 857 1285 1148 1100 919 black_oxide_screw 0
795 1209 859 1210 796 1149 861 1150 nut 0
955 253 792 490 1038 310 874 547 shiny_screw 0
1299 1245 1294 1169 1233 1249 1228 1173 short_machine_screw 0
840 1084 1461 758 785 979 1406 652 long_lag_screw 0
1350 476 515 27 1297 575 462 126 lag_wood_screw 0
411 799 822 371 334 725 745 296 wood_screw 0
1095 1274 967 1024 1009 1318 881 1068 shiny_screw 0
816 445 710 353 783 482 678 390 machine_screw 0
563 792 413 614 509 837 359 660 short_wood_screw 0
