95 771 332 770 95 563 332 562 large_nut 0
1288 566 1282 337 1149 570 1142 341 bolt 0
804 1195 961 1196 804 1014 961 1015 nut 0
850 593 913 594 850 530 913 531 nut 0
866 490 1105 312 807 411 1046 233 black_oxide_screw 0
767 818 1703 892 776 707 1711 781 lag_wood_screw 0
1125 675 1033 403 1033 706 941 434 shiny_screw 0
629 1166 584 934 561 1179 516 947 short_wood_screw 0
705 914 792 914 705 827 793 827 nut 0
1236 963 1127 882 1209 1000 1100 919 machine_screw 0
937 1401 1499 983 868 1308 1430 890 long_lag_screw 0
403 967 782 516 321 898 700 447 wood_screw 0
588 384 660 403 603 324 676 344 short_machine_screw 0
