622 1284 855 1282 620 1067 853 1065 large_nut 0
1613 774 1614 545 1470 773 1471 544 bolt 0
535 803 703 803 535 627 703 627 nut 0
866 542 833 250 766 554 732 261 shiny_screw 0
1192 767 1257 767 1191 699 1256 699 nut 0
1284 1270 1381 1270 1284 1179 1382 1179 nut 0
1039 472 1722 306 1010 355 1694 189 long_lag_screw 0
465 933 603 902 454 884 591 852 machine_screw 0
1231 968 1240 892 1166 960 1175 883 short_machine_screw 0
1740 1239 1621 960 1646 1280 1527 1000 black_oxide_screw 0
961 1248 1030 1020 893 1227 962 1000 short_wood_screw 0
424 1278 1131 631 348 1195 1055 548 lag_wood_screw 0
392 762 703 258 294 702 606 198 wood_screw 0
