720 918 895 918 720 765 894 764 nut 0
563 558 592 330 419 539 449 311 bolt 0
1202 1256 1423 1256 1202 1016 1423 1016 large_nut 0
562 722 627 722 562 657 627 657 nut 0
1730 874 1439 739 1687 965 1397 831 black_oxide_screw 0
1059 1098 1151 1100 1060 1009 1152 1010 nut 0
811 594 808 454 762 595 759 455 machine_screw 0
793 1250 982 1024 717 1186 906 960 shiny_screw 0
309 168 65 713 409 213 165 758 wood_screw 0
739 317 1198 852 828 240 1287 776 long_lag_screw 0
1716 521 880 55 1661 620 825 154 lag_wood_screw 0
1023 773 991 700 963 799 931 727 short_machine_screw 0
345 896 568 800 318 834 542 738 short_wood_screw 0
