503 1377 737 1379 504 1161 738 1163 large_nut 0
1328 994 1566 990 1326 779 1563 776 large_nut 0
1303 583 1473 583 1303 409 1473 409 nut 0
827 1344 999 1342 825 1168 997 1166 nut 0
1158 829 1208 1051 1286 799 1337 1021 bolt 0
1459 1337 1550 1337 1459 1246 1550 1246 nut 0
1668 1161 1657 857 1565 1165 1554 861 black_oxide_screw 0
1346 938 1370 709 1276 931 1299 702 short_wood_screw 0
1187 668 1254 669 1188 605 1254 605 nut 0
1066 755 1041 889 1114 764 1090 898 machine_screw 0
1037 1188 993 1056 995 1202 950 1071 machine_screw 0
1326 1174 1422 1175 1327 1090 1422 1091 nut 0
1218 800 1211 723 1154 806 1146 730 short_machine_screw 0
1505 465 1734 1126 1610 429 1839 1089 long_lag_screw 0
1246 259 877 721 1331 327 962 789 wood_screw 0
616 1019 727 752 522 981 633 713 shiny_screw 0
1232 1175 695 388 1139 1239 602 451 lag_wood_screw 0
802 948 874 922 781 891 853 864 short_machine_screw 0
