422 1062 457 837 281 1040 316 816 bolt 0
1148 1023 1104 800 1015 1049 972 826 bolt 0
793 448 860 448 793 381 861 381 nut 0
885 1146 951 1146 885 1080 951 1080 nut 0
799 564 676 622 819 607 696 665 machine_screw 0
65 492 621 719 106 393 662 620 wood_screw 0
1321 290 857 649 1384 372 920 731 wood_screw 0
1283 657 1295 583 1222 647 1234 573 short_machine_screw 0
1114 364 1076 135 1046 375 1008 147 short_wood_screw 0
820 187 704 -15 759 222 643 19 short_wood_screw 0
633 855 615 992 679 861 661 998 machine_screw 0
560 352 530 277 502 375 473 299 short_machine_screw 0
