545 382 766 382 545 151 767 151 large_nut 0
1332 1055 1213 858 1210 1129 1091 932 bolt 0
879 829 1054 827 877 663 1051 660 nut 0
1416 857 1449 565 1315 845 1349 554 shiny_screw 0
1533 796 1599 796 1534 731 1599 731 nut 0
874 329 1791 545 899 221 1816 437 lag_wood_screw 0
770 573 856 574 771 480 857 481 nut 0
162 333 189 1044 285 329 311 1039 long_lag_screw 0
999 1169 973 868 896 1178 870 877 black_oxide_screw 0
797 1123 795 1047 732 1125 730 1049 short_machine_screw 0
1265 712 1229 575 1220 724 1184 587 machine_screw 0
515 1198 831 691 421 1139 737 632 wood_screw 0
384 523 604 626 414 459 634 563 short_wood_screw 0
