747 1276 737 1044 604 1283 594 1051 bolt 0
1688 1361 1593 1150 1557 1419 1463 1208 bolt 0
1096 992 1159 992 1096 926 1159 926 nut 0
493 841 560 842 493 774 560 774 nut 0
1710 946 1614 842 1674 979 1578 875 machine_screw 0
1829 139 1246 278 1854 243 1271 382 wood_screw 0
1128 575 547 673 1146 682 565 780 wood_screw 0
322 561 433 648 352 523 463 610 machine_screw 0
821 228 593 274 835 302 607 347 short_wood_screw 0
852 1172 917 1128 815 1117 880 1073 short_machine_screw 0
1402 921 1269 1114 1461 962 1327 1154 short_wood_screw 0
1423 779 1503 763 1411 717 1491 701 short_machine_screw 0
