1198 660 1422 661 1198 423 1422 423 large_nut 0
586 913 754 912 585 739 753 738 nut 0
1431 926 1574 749 1322 839 1464 661 bolt 0
786 346 1001 416 829 212 1045 282 bolt 0
1044 531 1111 532 1045 466 1112 467 nut 0
1330 782 1603 678 1296 694 1569 590 black_oxide_screw 0
729 1352 1421 1289 719 1238 1411 1176 long_lag_screw 0
1076 284 1141 284 1076 224 1141 224 nut 0
602 1014 320 912 567 1111 285 1009 black_oxide_screw 0
854 487 946 492 859 405 952 411 nut 0
700 454 831 501 716 410 847 457 machine_screw 0
362 837 639 773 341 744 618 680 shiny_screw 0
1478 1065 739 454 1407 1151 668 539 lag_wood_screw 0
651 474 763 1046 756 454 868 1026 wood_screw 0
1041 358 755 304 1022 454 736 400 shiny_screw 0
820 548 894 515 795 490 869 457 short_machine_screw 0
1588 593 1371 697 1618 657 1401 760 short_wood_screw 0
