377 208 469 207 377 114 468 113 nut 0
540 1034 628 1035 540 942 629 943 nut 0
1168 498 1395 498 1167 278 1395 277 large_nut 0
790 602 1017 602 791 379 1017 379 large_nut 0
1892 937 1744 685 1808 986 1660 734 shiny_screw 0
669 227 843 227 669 60 843 61 nut 0
1024 1344 1192 1342 1023 1165 1191 1164 nut 0
1769 538 1580 301 1690 601 1501 365 black_oxide_screw 0
856 1384 968 1115 765 1345 877 1077 shiny_screw 0
873 1017 1576 921 857 902 1560 805 long_lag_screw 0
563 516 690 1217 685 494 812 1195 long_lag_screw 0
963 133 1897 248 978 16 1912 131 lag_wood_screw 0
236 554 265 861 336 544 366 851 black_oxide_screw 0
458 1383 493 415 335 1378 370 411 lag_wood_screw 0
