559 939 648 939 559 851 648 850 nut 0
1512 302 1602 303 1513 213 1603 213 nut 0
932 776 1180 777 933 555 1181 556 large_nut 0
1296 1039 1467 1039 1296 867 1467 867 nut 0
1036 1271 1259 1271 1036 1049 1259 1049 large_nut 0
1653 1050 1820 1051 1654 876 1820 877 nut 0
1677 457 1390 520 1699 556 1412 619 shiny_screw 0
558 1165 450 896 469 1200 362 931 shiny_screw 0
1046 414 1350 419 1048 309 1352 314 black_oxide_screw 0
173 551 865 369 143 436 835 254 long_lag_screw 0
890 151 617 1068 1004 185 731 1102 lag_wood_screw 0
551 1037 643 739 443 1004 535 706 black_oxide_screw 0
1875 546 952 845 1912 661 989 959 lag_wood_screw 0
1245 901 577 1181 1290 1008 622 1289 long_lag_screw 0
