1182 463 1252 248 1046 418 1117 204 bolt 0
1226 513 1129 719 1348 571 1251 776 bolt 0
1508 369 1362 631 1598 419 1452 681 black_oxide_screw 0
484 427 744 565 530 340 790 477 black_oxide_screw 0
856 1102 915 1102 856 1037 915 1037 nut 0
294 676 597 662 290 578 592 563 shiny_screw 0
277 398 511 409 281 327 514 338 short_wood_screw 0
1644 413 1367 1316 1750 446 1473 1348 lag_wood_screw 0
175 943 846 684 132 832 803 574 long_lag_screw 0
1027 260 1086 260 1027 197 1086 197 nut 0
1152 94 568 162 1164 202 581 270 wood_screw 0
1301 1255 1132 1018 1220 1312 1051 1075 shiny_screw 0
244 152 1086 631 300 54 1142 532 lag_wood_screw 0
860 747 359 1053 915 837 414 1144 wood_screw 0
1429 956 863 527 1358 1050 792 621 long_lag_screw 0
1505 235 1309 357 1543 295 1347 417 short_wood_screw 0
