1102 582 1329 580 1100 353 1328 351 large_nut 0
625 1259 859 1260 626 1043 860 1044 large_nut 0
1200 1062 1372 1062 1200 891 1372 891 nut 0
486 367 660 366 485 196 660 196 nut 0
1133 882 1326 643 1052 816 1245 577 black_oxide_screw 0
1435 587 1522 593 1441 504 1527 509 nut 0
383 1162 503 461 276 1143 395 442 long_lag_screw 0
976 1183 1063 1182 975 1092 1063 1092 nut 0
860 457 1019 208 777 404 935 155 shiny_screw 0
1572 1184 1716 493 1453 1159 1597 469 long_lag_screw 0
180 129 74 1074 298 143 193 1087 lag_wood_screw 0
689 1044 910 860 626 968 847 784 shiny_screw 0
1716 163 759 18 1699 270 742 125 lag_wood_screw 0
926 581 900 885 1029 590 1002 894 black_oxide_screw 0
