403 628 616 628 403 398 616 398 large_nut 0
464 1393 642 1393 464 1226 642 1226 nut 0
1418 350 1505 350 1418 259 1505 259 nut 0
1278 419 1344 419 1278 349 1344 349 nut 0
877 917 940 917 877 855 940 855 nut 0
716 868 647 907 745 919 676 958 short_machine_screw 0
699 198 771 316 740 174 811 292 machine_screw 0
1548 587 711 1040 1599 682 762 1134 lag_wood_screw 0
808 761 1278 245 720 681 1190 165 long_lag_screw 0
747 1193 1287 958 703 1091 1243 856 wood_screw 0
820 1307 988 1154 727 1206 895 1052 bolt 0
266 842 286 1142 365 836 385 1135 black_oxide_screw 0
299 665 555 811 348 581 603 727 shiny_screw 0
1039 822 1237 700 1002 762 1200 639 short_wood_screw 0
1508 399 1214 443 1522 498 1229 541 black_oxide_screw 0
522 294 696 518 597 236 771 459 shiny_screw 0
852 96 861 323 993 90 1002 318 bolt 0
