331 365 562 365 331 145 562 145 large_nut 0
1054 651 952 447 926 715 824 511 bolt 0
746 297 916 297 746 120 916 120 nut 0
436 1074 493 482 327 1063 385 472 wood_screw 0
519 853 583 853 520 788 583 788 nut 0
615 466 701 467 615 379 701 380 nut 0
1041 801 1119 689 1003 774 1081 662 machine_screw 0
1027 1021 949 732 927 1047 850 758 black_oxide_screw 0
749 1325 1406 1076 708 1218 1366 970 long_lag_screw 0
492 1236 673 996 413 1176 593 936 shiny_screw 0
720 663 693 584 656 686 628 606 short_machine_screw 0
855 989 728 791 793 1029 666 830 short_wood_screw 0
1106 180 1548 1018 1204 128 1646 966 lag_wood_screw 0
