222 303 313 303 222 214 313 214 nut 0
1048 1256 1136 1257 1049 1168 1137 1169 nut 0
826 1041 1057 1041 826 824 1057 824 large_nut 0
1509 823 1723 824 1510 591 1724 592 large_nut 0
674 1274 840 1273 672 1102 838 1100 nut 0
1370 414 1546 414 1370 249 1546 249 nut 0
1351 1268 1268 981 1257 1295 1175 1008 shiny_screw 0
726 932 887 671 638 877 799 617 black_oxide_screw 0
169 783 317 515 78 733 225 464 black_oxide_screw 0
1552 93 1817 740 1666 46 1931 693 long_lag_screw 0
975 776 1774 1262 1032 683 1831 1168 lag_wood_screw 0
677 220 295 818 772 281 390 879 long_lag_screw 0
1114 390 1250 645 1200 344 1336 599 shiny_screw 0
965 168 376 920 1052 237 464 988 lag_wood_screw 0
