687 419 922 436 703 207 937 224 large_nut 0
1183 301 1247 84 1044 260 1108 43 bolt 0
1280 764 1452 765 1281 593 1452 594 nut 0
1090 1230 1383 1174 1071 1129 1364 1073 black_oxide_screw 0
877 558 964 558 878 467 965 467 nut 0
667 719 734 722 669 654 736 656 nut 0
699 1030 1402 1030 699 913 1402 914 long_lag_screw 0
1362 217 1533 778 1470 184 1641 745 wood_screw 0
1574 1394 1818 469 1468 1366 1713 441 lag_wood_screw 0
723 507 613 592 753 545 643 630 machine_screw 0
861 676 1042 909 938 616 1119 849 shiny_screw 0
593 839 802 729 561 778 770 668 short_wood_screw 0
697 1201 716 1279 759 1187 777 1265 short_machine_screw 0
