666 333 898 333 666 114 897 113 large_nut 0
664 673 898 713 688 530 923 570 bolt 0
375 303 548 303 375 130 547 129 nut 0
1378 112 1081 32 1351 214 1053 134 black_oxide_screw 0
815 927 900 927 815 842 900 842 nut 0
609 1194 1524 946 581 1089 1495 841 lag_wood_screw 0
510 1003 691 770 434 944 614 711 shiny_screw 0
1213 765 1277 764 1212 700 1276 699 nut 0
1662 849 1565 741 1626 881 1529 774 machine_screw 0
1114 416 1349 373 1101 344 1336 301 short_wood_screw 0
210 860 660 461 136 776 586 377 wood_screw 0
977 677 1663 525 952 561 1638 410 long_lag_screw 0
864 1347 904 1283 811 1314 850 1251 short_machine_screw 0
