1105 1090 1336 1091 1106 860 1337 861 large_nut 0
744 542 809 312 604 503 669 272 bolt 0
474 784 641 783 474 606 641 606 nut 0
997 204 1082 204 997 113 1082 113 nut 0
779 1248 827 946 676 1232 724 930 black_oxide_screw 0
285 582 350 582 284 517 350 517 nut 0
180 1140 839 839 131 1033 790 731 long_lag_screw 0
294 824 254 685 247 837 207 699 machine_screw 0
1061 358 822 523 1116 437 877 602 shiny_screw 0
1207 147 1373 1083 1318 127 1484 1063 lag_wood_screw 0
973 1183 969 945 900 1184 896 946 short_wood_screw 0
1144 647 1121 572 1080 667 1057 592 short_machine_screw 0
350 413 838 86 286 319 775 -7 wood_screw 0
