864 918 1089 917 863 691 1089 691 large_nut 0
461 528 699 527 460 313 697 312 large_nut 0
1063 615 1236 615 1063 457 1236 457 nut 0
116 305 420 250 97 204 401 148 black_oxide_screw 0
446 1144 613 1145 447 966 615 967 nut 0
1607 1085 907 1165 1621 1202 920 1282 long_lag_screw 0
818 1174 1086 1022 766 1083 1034 931 black_oxide_screw 0
1555 785 1278 884 1588 879 1311 978 shiny_screw 0
1314 747 1398 747 1314 664 1398 665 nut 0
60 1234 990 1463 87 1126 1017 1355 lag_wood_screw 0
1480 196 526 127 1472 305 518 236 lag_wood_screw 0
237 402 281 1107 353 395 397 1100 long_lag_screw 0
640 829 767 567 551 786 678 524 shiny_screw 0
886 368 974 368 886 285 974 285 nut 0
