1163 408 1390 407 1163 175 1390 175 large_nut 0
739 1181 954 1182 739 948 954 949 large_nut 0
751 652 588 815 848 750 686 912 bolt 0
468 1110 637 1110 468 935 637 935 nut 0
634 238 804 236 632 66 802 64 nut 0
1128 820 1219 821 1129 731 1220 732 nut 0
424 622 513 623 425 531 515 532 nut 0
951 467 1013 468 951 405 1013 406 nut 0
817 83 1015 315 891 20 1088 251 black_oxide_screw 0
1377 849 1322 725 1334 868 1279 744 machine_screw 0
567 251 693 306 587 206 713 261 machine_screw 0
334 1029 511 790 252 969 430 729 shiny_screw 0
1315 1163 1315 1088 1248 1163 1248 1088 short_machine_screw 0
1664 373 979 570 1696 484 1012 681 long_lag_screw 0
46 929 957 610 8 822 919 504 lag_wood_screw 0
333 174 798 551 401 90 867 466 wood_screw 0
248 407 312 366 214 353 279 313 short_machine_screw 0
1077 828 981 1040 1142 857 1046 1070 short_wood_screw 0
