655 1187 668 961 523 1179 536 954 bolt 0
1254 1373 1291 1145 1120 1351 1157 1123 bolt 0
1201 621 1266 620 1200 557 1266 556 nut 0
1518 132 938 278 1544 238 965 384 wood_screw 0
1487 401 1554 403 1488 337 1555 339 nut 0
773 993 1003 1010 778 925 1008 943 short_wood_screw 0
882 442 878 365 815 445 811 368 short_machine_screw 0
598 286 270 772 685 344 357 831 wood_screw 0
1597 1128 1720 932 1540 1092 1664 897 short_wood_screw 0
1508 827 1570 704 1468 806 1529 684 machine_screw 0
690 846 727 716 647 833 684 703 machine_screw 0
1012 750 1000 678 951 759 940 687 short_machine_screw 0
