1129 399 1091 171 997 422 958 193 bolt 0
915 1235 917 1005 772 1234 774 1004 bolt 0
1374 1197 1441 1197 1375 1132 1442 1132 nut 0
824 876 890 876 823 810 890 810 nut 0
1203 997 1140 876 1161 1019 1098 898 machine_screw 0
889 528 761 580 908 576 780 627 machine_screw 0
163 652 344 1215 267 619 448 1182 wood_screw 0
1774 34 1334 446 1849 113 1408 526 wood_screw 0
511 539 659 353 455 495 603 308 short_wood_screw 0
1748 640 1745 871 1821 641 1818 871 short_wood_screw 0
483 776 533 835 532 734 582 792 short_machine_screw 0
1434 757 1391 692 1377 795 1333 730 short_machine_screw 0
