627 861 693 861 627 799 693 799 nut 0
875 712 932 712 875 651 932 651 nut 0
1437 458 825 113 1381 558 769 212 long_lag_screw 0
1589 350 1066 833 1667 435 1144 918 long_lag_screw 0
1091 996 1672 953 1083 888 1664 844 wood_screw 0
434 334 676 874 533 290 775 830 wood_screw 0
1330 1250 688 548 1245 1328 602 626 lag_wood_screw 0
605 153 1355 743 669 71 1420 662 lag_wood_screw 0
825 297 657 457 876 350 708 510 short_wood_screw 0
513 598 601 818 585 569 673 789 short_wood_screw 0
1069 761 799 664 1037 849 768 752 shiny_screw 0
1425 778 1171 652 1381 868 1127 742 shiny_screw 0
1007 598 1115 868 1098 562 1206 832 black_oxide_screw 0
506 381 299 169 433 451 226 239 black_oxide_screw 0
397 847 630 876 413 709 647 738 bolt 0
679 516 760 736 810 467 891 687 bolt 0
