479 985 706 986 481 753 708 754 large_nut 0
1388 762 1274 565 1264 833 1151 637 bolt 0
1084 1056 1255 1056 1085 884 1255 884 nut 0
771 1344 744 1037 667 1353 640 1046 black_oxide_screw 0
931 706 1019 706 931 619 1019 619 nut 0
702 594 766 594 702 529 766 529 nut 0
354 274 263 858 460 291 368 874 wood_screw 0
937 1019 951 880 888 1015 902 875 machine_screw 0
1000 1229 827 994 921 1288 747 1053 shiny_screw 0
1561 1064 1563 986 1494 1062 1496 985 short_machine_screw 0
759 128 1499 746 830 43 1570 660 lag_wood_screw 0
17 852 470 1402 110 775 564 1325 long_lag_screw 0
654 389 894 337 638 318 878 266 short_wood_screw 0
