990 1166 1204 1166 990 937 1204 937 large_nut 0
1467 1266 1478 1040 1331 1259 1341 1034 bolt 0
610 683 786 683 610 517 786 518 nut 0
544 696 527 986 642 702 626 991 shiny_screw 0
757 1123 822 1123 758 1057 823 1057 nut 0
1428 786 1424 482 1325 787 1321 484 black_oxide_screw 0
664 851 751 852 665 766 752 767 nut 0
999 466 870 512 1016 513 886 558 machine_screw 0
1067 772 894 615 1019 824 846 667 short_wood_screw 0
696 1147 263 755 623 1228 189 836 wood_screw 0
482 626 1030 189 410 535 957 99 long_lag_screw 0
1814 544 997 47 1755 642 938 144 lag_wood_screw 0
1101 426 1107 353 1040 422 1045 348 short_machine_screw 0
