435 379 668 379 435 150 668 150 large_nut 0
944 1123 984 894 803 1099 844 869 bolt 0
1609 889 1778 888 1608 718 1778 717 nut 0
895 633 960 633 895 570 960 570 nut 0
730 706 446 819 769 804 485 917 black_oxide_screw 0
1823 1086 1864 803 1723 1071 1765 789 shiny_screw 0
1271 920 1357 921 1272 830 1358 831 nut 0
1245 1024 1125 1094 1270 1066 1150 1136 machine_screw 0
466 635 388 637 468 704 390 706 short_machine_screw 0
1191 336 1752 756 1262 241 1824 660 long_lag_screw 0
1581 1014 666 1284 1612 1120 698 1390 lag_wood_screw 0
382 1365 820 955 309 1286 746 877 wood_screw 0
1116 852 1287 685 1066 801 1237 633 short_wood_screw 0
