1142 1056 1078 833 1004 1096 941 872 bolt 0
706 1236 761 1012 567 1202 622 978 bolt 0
613 264 680 264 613 199 680 199 nut 0
582 670 648 671 583 605 649 605 nut 0
85 384 16 971 193 397 124 983 wood_screw 0
406 951 399 875 339 957 332 882 short_machine_screw 0
1375 750 1367 618 1328 753 1320 621 machine_screw 0
1451 376 1516 956 1559 363 1625 944 wood_screw 0
790 443 893 542 824 408 927 507 machine_screw 0
876 173 1104 100 853 103 1082 31 short_wood_screw 0
429 552 645 463 402 486 618 397 short_wood_screw 0
1227 184 1183 260 1281 215 1238 291 short_machine_screw 0
