812 908 870 908 812 849 870 849 nut 0
1100 837 1167 837 1100 775 1167 775 nut 0
497 1278 793 360 389 1243 685 325 lag_wood_screw 0
1650 555 715 274 1618 659 683 379 lag_wood_screw 0
289 466 304 1182 405 464 420 1180 long_lag_screw 0
1318 640 630 795 1345 758 656 913 long_lag_screw 0
1066 1268 608 890 1001 1346 544 968 wood_screw 0
529 228 414 804 626 248 511 824 wood_screw 0
1123 690 973 510 1067 737 917 557 short_wood_screw 0
883 859 691 996 926 920 734 1057 short_wood_screw 0
949 1195 1095 950 861 1142 1007 897 shiny_screw 0
1160 895 1402 1064 1219 809 1462 978 shiny_screw 0
1037 1103 1328 1005 1004 1004 1295 906 black_oxide_screw 0
771 672 832 387 673 650 735 366 black_oxide_screw 0
665 1231 808 1040 552 1146 694 955 bolt 0
778 359 713 586 927 402 862 628 bolt 0
