1254 1246 1119 1060 1144 1326 1009 1140 bolt 0
488 402 696 516 558 275 765 389 bolt 0
686 1022 753 1023 686 957 753 958 nut 0
381 1079 406 946 333 1070 357 937 machine_screw 0
271 482 117 1056 376 510 222 1085 wood_screw 0
763 800 830 800 764 733 831 734 nut 0
535 753 535 678 468 753 468 677 short_machine_screw 0
1496 976 1548 745 1427 960 1479 729 short_wood_screw 0
1127 768 1132 687 1060 763 1065 683 short_machine_screw 0
700 1391 719 1257 653 1384 673 1250 machine_screw 0
1280 72 834 473 1353 153 907 554 wood_screw 0
1269 512 1496 436 1247 446 1475 371 short_wood_screw 0
