1228 1264 1458 1264 1228 1044 1458 1044 large_nut 0
1460 321 1480 89 1318 309 1338 77 bolt 0
975 703 1138 700 973 524 1136 521 nut 0
866 766 957 472 767 736 857 441 black_oxide_screw 0
1197 793 1262 793 1197 729 1262 729 nut 0
819 117 1114 95 811 18 1107 -3 shiny_screw 0
395 1024 630 103 287 997 522 75 lag_wood_screw 0
1094 1247 483 871 1036 1342 424 965 long_lag_screw 0
665 177 646 316 714 184 694 323 machine_screw 0
1046 941 1050 860 983 937 987 856 short_machine_screw 0
739 988 773 736 664 978 698 726 short_wood_screw 0
1515 1290 1602 1290 1515 1201 1602 1201 nut 0
1532 698 1193 208 1442 760 1103 270 wood_screw 0
