170 1101 407 1101 169 886 406 885 large_nut 0
1095 1251 1324 1252 1095 1032 1324 1033 large_nut 0
179 710 402 772 214 582 437 645 bolt 0
1247 848 1417 848 1246 676 1416 676 nut 0
583 1378 754 1376 581 1209 752 1207 nut 0
505 690 598 694 509 603 602 608 nut 0
1641 668 1605 538 1596 681 1560 550 machine_screw 0
892 838 976 838 893 745 977 745 nut 0
1728 824 1013 815 1726 939 1011 930 long_lag_screw 0
1047 420 820 621 1115 497 889 698 black_oxide_screw 0
1120 325 1187 325 1120 259 1187 259 nut 0
1455 301 926 577 1507 400 977 676 wood_screw 0
556 1075 786 1067 554 1002 783 994 short_wood_screw 0
885 183 749 441 971 228 834 486 shiny_screw 0
1143 655 1266 593 1121 611 1243 549 machine_screw 0
1005 765 1074 804 1037 708 1106 748 short_machine_screw 0
504 356 1024 1156 600 293 1121 1093 lag_wood_screw 0
805 277 722 242 782 331 699 296 short_machine_screw 0
