1826 307 1600 292 1817 448 1591 433 bolt 0
1388 987 1621 988 1389 772 1622 773 large_nut 0
656 561 831 560 655 390 830 390 nut 0
1146 1264 1296 1096 1039 1168 1190 1000 bolt 0
1009 70 716 125 1028 167 734 222 black_oxide_screw 0
877 776 942 776 877 711 942 711 nut 0
1347 1327 1355 1042 1246 1324 1254 1039 shiny_screw 0
1590 725 1684 729 1595 634 1688 639 nut 0
836 1278 905 1279 836 1213 905 1214 nut 0
724 1071 944 862 652 995 872 786 black_oxide_screw 0
1526 153 1478 283 1572 170 1524 300 machine_screw 0
478 760 1380 482 444 650 1346 373 lag_wood_screw 0
1488 383 908 269 1468 488 887 374 wood_screw 0
974 889 1176 816 950 825 1152 751 short_wood_screw 0
1034 636 1107 601 1005 575 1078 540 short_machine_screw 0
1781 652 1591 438 1710 715 1520 501 shiny_screw 0
1268 569 843 1128 1362 640 937 1199 long_lag_screw 0
