1169 993 1257 991 1168 903 1256 902 nut 0
995 1161 1084 1161 995 1072 1084 1071 nut 0
43 731 279 731 43 494 279 494 large_nut 0
780 1071 950 1071 781 899 951 899 nut 0
1158 578 1388 580 1160 350 1390 352 large_nut 0
1489 519 1658 515 1485 346 1654 342 nut 0
1387 1262 1238 994 1300 1311 1150 1043 black_oxide_screw 0
647 314 1351 265 639 193 1343 144 long_lag_screw 0
889 576 1823 792 914 466 1848 681 lag_wood_screw 0
1192 609 462 667 1201 724 471 781 long_lag_screw 0
380 331 568 569 460 267 648 505 shiny_screw 0
352 456 354 758 456 455 458 758 black_oxide_screw 0
65 977 951 1329 111 861 998 1213 lag_wood_screw 0
1428 1033 1735 1047 1433 934 1739 948 shiny_screw 0
