1293 707 1509 704 1289 486 1505 483 large_nut 0
1314 139 1403 347 1445 82 1535 291 bolt 0
846 633 1056 549 794 504 1004 419 bolt 0
451 968 737 882 421 870 708 783 black_oxide_screw 0
1407 959 1582 959 1407 797 1582 797 nut 0
606 561 886 464 575 471 854 373 black_oxide_screw 0
1624 577 1691 577 1624 512 1691 512 nut 0
1080 820 1143 821 1081 757 1144 758 nut 0
639 268 1336 209 630 158 1326 99 long_lag_screw 0
1305 683 1305 547 1258 683 1258 547 machine_screw 0
1516 138 1728 336 1586 63 1798 262 shiny_screw 0
1168 1037 1174 803 1098 1035 1104 801 short_wood_screw 0
507 441 791 467 516 343 800 370 shiny_screw 0
1209 772 1296 777 1214 691 1301 696 nut 0
1869 687 1390 333 1803 776 1324 422 wood_screw 0
1076 273 1150 239 1049 211 1123 178 short_machine_screw 0
855 1034 1369 241 763 975 1277 182 lag_wood_screw 0
