917 262 1150 264 918 42 1151 43 large_nut 0
60 818 284 817 59 590 283 589 large_nut 0
1647 655 1555 448 1524 709 1433 502 bolt 0
257 1062 425 1059 254 885 422 883 nut 0
982 1134 1138 1135 983 959 1139 960 nut 0
1353 882 1442 883 1353 792 1442 792 nut 0
404 495 112 528 415 592 123 625 shiny_screw 0
465 515 371 619 500 546 406 651 machine_screw 0
1231 898 1230 819 1168 899 1167 820 short_machine_screw 0
635 214 769 196 629 165 763 148 machine_screw 0
1300 703 1368 704 1301 638 1369 639 nut 0
923 448 1437 159 871 355 1384 66 wood_screw 0
824 580 912 581 825 488 912 488 nut 0
1340 445 515 926 1394 538 569 1019 lag_wood_screw 0
1346 966 1272 678 1249 990 1176 702 black_oxide_screw 0
698 375 815 175 637 339 754 139 short_wood_screw 0
484 1415 1003 923 403 1330 922 838 long_lag_screw 0
707 493 635 528 736 553 664 588 short_machine_screw 0
