557 411 647 410 555 319 645 318 nut 0
1086 902 1174 902 1086 809 1174 809 nut 0
1114 671 1336 671 1114 445 1336 446 large_nut 0
596 995 827 995 595 777 827 777 large_nut 0
741 820 912 813 734 650 905 643 nut 0
438 590 618 588 437 419 617 417 nut 0
967 1354 955 1051 866 1358 854 1055 black_oxide_screw 0
597 55 470 335 700 102 574 382 shiny_screw 0
631 380 582 696 735 396 685 712 black_oxide_screw 0
1047 1104 897 854 963 1155 812 905 shiny_screw 0
1049 161 1780 779 1122 75 1853 693 lag_wood_screw 0
1152 945 756 49 1045 992 649 97 lag_wood_screw 0
233 427 144 1131 361 443 272 1147 long_lag_screw 0
863 334 1205 974 973 276 1315 916 long_lag_screw 0
