1256 1225 1488 1223 1253 1004 1485 1001 large_nut 0
542 509 776 507 541 292 775 291 large_nut 0
701 1064 870 1064 700 888 870 888 nut 0
1170 931 1338 931 1170 757 1338 757 nut 0
521 245 298 459 593 320 370 533 black_oxide_screw 0
934 1296 975 1002 835 1282 876 988 shiny_screw 0
590 759 490 474 497 792 397 507 shiny_screw 0
1689 711 1466 499 1616 787 1394 575 black_oxide_screw 0
873 1393 961 1395 874 1308 962 1310 nut 0
1145 730 1228 731 1145 651 1229 652 nut 0
1794 942 1337 392 1704 1017 1246 467 long_lag_screw 0
419 1174 1033 437 331 1100 945 364 lag_wood_screw 0
1442 248 489 133 1428 368 475 253 lag_wood_screw 0
1024 644 968 1341 1145 654 1089 1351 long_lag_screw 0
