352 388 583 390 355 153 586 156 large_nut 0
1002 929 903 721 873 991 774 782 bolt 0
1338 889 1510 889 1338 714 1510 714 nut 0
705 1197 772 1197 705 1132 772 1131 nut 0
204 404 459 582 262 321 517 499 black_oxide_screw 0
1310 561 1398 561 1310 468 1398 468 nut 0
1289 886 994 923 1302 986 1007 1023 shiny_screw 0
606 1004 702 898 569 970 665 865 machine_screw 0
1681 447 822 32 1633 547 774 132 lag_wood_screw 0
1041 243 637 679 1121 318 717 753 wood_screw 0
256 1177 682 606 162 1107 588 536 long_lag_screw 0
1122 1383 1179 1151 1053 1366 1110 1134 short_wood_screw 0
1071 640 1130 591 1029 591 1089 541 short_machine_screw 0
