88 1223 317 1224 89 1000 319 1001 large_nut 0
1357 726 1592 726 1357 508 1592 508 large_nut 0
1373 1368 1546 1368 1372 1198 1546 1198 nut 0
709 679 881 679 710 508 881 509 nut 0
1694 1048 1514 795 1612 1107 1431 853 black_oxide_screw 0
1052 500 1348 423 1027 403 1323 325 shiny_screw 0
736 1376 827 1380 740 1285 831 1289 nut 0
1507 871 1595 871 1508 785 1595 786 nut 0
1182 1282 1447 1117 1128 1195 1393 1030 black_oxide_screw 0
1248 111 395 554 1303 217 449 660 lag_wood_screw 0
334 1010 1281 905 321 896 1268 791 lag_wood_screw 0
45 601 350 574 36 496 340 469 shiny_screw 0
807 768 108 667 790 885 91 785 long_lag_screw 0
504 1207 1209 1081 481 1080 1187 954 long_lag_screw 0
