142 145 791 851 229 65 879 770 lag_wood_screw 0
710 1187 395 293 599 1227 283 333 lag_wood_screw 0
1435 1158 746 960 1402 1273 713 1074 long_lag_screw 0
1029 1308 1191 613 914 1282 1076 586 long_lag_screw 0
1111 503 556 302 1076 599 521 397 wood_screw 0
1079 259 486 230 1074 369 480 340 wood_screw 0
759 1207 798 969 688 1196 727 957 short_wood_screw 0
956 1134 1033 913 892 1112 970 891 short_wood_screw 0
526 701 751 872 585 624 810 795 shiny_screw 0
925 361 643 288 900 458 619 385 shiny_screw 0
1124 668 1199 955 1226 641 1301 928 black_oxide_screw 0
1019 896 857 643 937 949 775 696 black_oxide_screw 0
991 518 836 684 1096 616 942 783 bolt 0
768 282 996 282 768 148 996 148 bolt 0
678 164 735 164 678 101 735 101 nut 0
848 1109 909 1109 848 1049 909 1049 nut 0
