636 482 725 483 637 393 726 394 nut 0
1433 1288 1394 1214 1377 1317 1338 1244 short_machine_screw 0
900 503 1115 501 898 274 1113 272 large_nut 0
357 1205 518 1207 358 1025 520 1027 nut 0
1061 1247 960 956 965 1281 864 990 black_oxide_screw 0
684 915 518 738 579 1012 414 836 bolt 0
781 983 852 982 781 919 851 919 nut 0
1396 817 795 745 1383 923 783 851 wood_screw 0
563 530 669 629 602 488 708 587 machine_screw 0
244 861 594 225 138 802 488 166 long_lag_screw 0
1361 1069 1517 829 1278 1015 1434 775 shiny_screw 0
1251 1110 1490 1089 1244 1037 1484 1016 short_wood_screw 0
1773 763 1097 78 1694 841 1018 156 lag_wood_screw 0
