1441 890 1532 890 1441 800 1532 800 nut 0
1317 805 1338 713 1254 791 1275 698 short_machine_screw 0
699 1229 919 1232 701 1001 922 1004 large_nut 0
1009 807 959 521 913 824 863 538 shiny_screw 0
1146 654 1318 655 1147 487 1319 488 nut 0
512 684 361 863 567 731 416 910 short_wood_screw 0
1165 1231 1231 1231 1165 1166 1231 1166 nut 0
1336 1072 1253 944 1291 1101 1208 973 machine_screw 0
1818 364 1191 -13 1757 465 1130 87 long_lag_screw 0
672 992 803 403 568 969 698 380 wood_screw 0
1026 130 1005 429 1129 137 1108 436 black_oxide_screw 0
251 783 912 86 170 707 831 9 lag_wood_screw 0
1064 918 1003 1155 1210 956 1149 1192 bolt 0
