1458 793 1547 793 1458 704 1547 704 nut 0
1191 1166 1279 1165 1190 1076 1278 1075 nut 0
474 1264 709 1265 475 1049 709 1050 large_nut 0
748 619 923 621 749 454 925 455 nut 0
1020 751 1245 752 1020 526 1246 527 large_nut 0
298 1020 466 1021 299 846 466 847 nut 0
1892 979 1749 717 1807 1026 1664 764 shiny_screw 0
1620 1219 1386 1022 1551 1301 1317 1104 shiny_screw 0
1826 117 1104 16 1810 237 1087 136 long_lag_screw 0
1373 997 1684 1067 1395 899 1706 969 black_oxide_screw 0
199 985 439 302 73 941 312 258 long_lag_screw 0
502 801 1225 1416 577 713 1299 1328 lag_wood_screw 0
1172 1180 1227 884 1071 1161 1126 865 black_oxide_screw 0
1541 321 629 48 1507 435 595 163 lag_wood_screw 0
