1232 817 1319 607 1104 763 1191 554 bolt 0
718 594 891 593 718 433 891 433 nut 0
429 887 655 886 428 669 654 668 large_nut 0
456 413 167 441 466 509 177 537 shiny_screw 0
758 965 823 965 758 903 823 903 nut 0
1274 1065 1478 842 1198 996 1402 772 black_oxide_screw 0
913 945 996 946 914 858 997 859 nut 0
924 568 1047 630 945 527 1068 589 machine_screw 0
537 1261 226 634 430 1314 119 687 long_lag_screw 0
1150 1226 1168 1153 1087 1210 1105 1137 short_machine_screw 0
1528 321 936 333 1530 426 938 438 wood_screw 0
1294 26 347 177 1313 140 365 292 lag_wood_screw 0
630 1133 773 942 571 1090 714 898 short_wood_screw 0
