1055 775 1120 775 1055 705 1120 705 nut 0
637 1299 703 1299 637 1233 703 1233 nut 0
932 1205 1609 1371 958 1096 1636 1261 long_lag_screw 0
475 479 933 1033 565 404 1023 959 long_lag_screw 0
1365 359 1742 1223 1464 315 1841 1179 lag_wood_screw 0
507 1192 961 356 409 1138 863 303 lag_wood_screw 0
758 1079 1347 1140 770 967 1359 1028 wood_screw 0
1216 699 1443 163 1112 655 1339 119 wood_screw 0
808 653 954 830 863 607 1009 784 short_wood_screw 0
876 1086 903 1324 949 1078 976 1316 short_wood_screw 0
1507 827 1592 1097 1599 798 1683 1068 shiny_screw 0
1260 159 1107 404 1345 212 1191 457 shiny_screw 0
803 891 530 1003 841 982 567 1093 black_oxide_screw 0
1151 413 1036 690 1243 452 1128 729 black_oxide_screw 0
1539 852 1327 949 1598 981 1386 1078 bolt 0
1541 1226 1610 1006 1407 1184 1476 964 bolt 0
