1294 348 1203 139 1162 404 1072 196 bolt 0
592 1292 803 1382 644 1168 855 1257 bolt 0
481 998 546 413 373 985 438 401 wood_screw 0
708 1059 776 1060 710 993 777 994 nut 0
1031 531 1098 531 1031 466 1098 466 nut 0
1406 1202 844 1022 1373 1304 811 1123 wood_screw 0
760 352 829 232 720 329 788 209 machine_screw 0
634 896 754 834 611 852 732 791 machine_screw 0
744 475 809 695 807 457 871 677 short_wood_screw 0
936 297 909 532 1004 304 978 540 short_wood_screw 0
1005 861 1019 788 943 850 957 776 short_machine_screw 0
1220 861 1150 866 1225 923 1155 929 short_machine_screw 0
