741 367 953 369 743 132 955 134 large_nut 0
602 866 833 866 603 661 834 662 large_nut 0
1070 1022 1245 1021 1069 855 1245 855 nut 0
821 738 998 738 821 584 998 584 nut 0
1671 689 1468 589 1612 809 1409 709 bolt 0
959 895 1024 896 959 835 1024 835 nut 0
668 666 936 533 624 577 892 444 black_oxide_screw 0
1268 796 1355 797 1269 708 1356 709 nut 0
393 951 694 46 288 917 589 11 lag_wood_screw 0
910 523 1001 524 912 435 1002 437 nut 0
1066 73 1143 784 1183 61 1261 771 long_lag_screw 0
1351 518 1232 449 1326 561 1207 492 machine_screw 0
1329 631 1379 596 1293 582 1343 546 short_machine_screw 0
1218 84 1315 355 1315 50 1411 321 shiny_screw 0
1586 188 1449 193 1588 247 1451 252 machine_screw 0
1433 352 1646 260 1406 289 1619 197 short_wood_screw 0
1337 1111 1789 749 1264 1020 1716 658 wood_screw 0
1578 584 1539 520 1525 616 1486 552 short_machine_screw 0
