1216 260 1355 1196 1324 244 1463 1180 lag_wood_screw 0
1213 712 621 748 1220 819 627 855 wood_screw 0
592 346 -30 1059 683 426 60 1139 lag_wood_screw 0
557 1045 538 739 456 1051 437 745 black_oxide_screw 0
1139 1166 1100 939 1002 1189 963 962 bolt 0
1517 525 1378 334 1405 606 1266 416 bolt 0
1606 1069 1426 835 1526 1131 1346 897 black_oxide_screw 0
635 987 1328 868 616 875 1309 757 long_lag_screw 0
738 362 1258 664 794 265 1314 568 wood_screw 0
531 866 1208 675 498 748 1175 557 long_lag_screw 0
881 668 750 405 794 711 663 449 shiny_screw 0
629 652 640 447 557 648 569 443 short_wood_screw 0
1408 1163 1170 997 1355 1239 1117 1074 shiny_screw 0
1235 1192 1092 1019 1182 1235 1040 1062 short_wood_screw 0
1480 1247 1540 1247 1480 1182 1540 1182 nut 0
611 510 682 510 611 447 682 447 nut 0
