830 1114 826 884 687 1116 683 886 bolt 0
1267 1243 1303 1015 1133 1222 1169 994 bolt 0
942 475 1009 475 943 410 1009 411 nut 0
980 894 1048 894 980 828 1048 828 nut 0
1759 385 1181 219 1729 490 1151 324 wood_screw 0
517 605 341 1162 621 638 445 1195 wood_screw 0
687 344 824 346 688 295 825 297 machine_screw 0
324 383 92 423 337 457 104 497 short_wood_screw 0
1405 801 1453 673 1363 785 1410 657 machine_screw 0
432 244 484 305 483 201 535 263 short_machine_screw 0
1175 691 1124 634 1127 735 1075 678 short_machine_screw 0
1060 165 837 83 1035 232 813 150 short_wood_screw 0
