526 807 582 585 387 771 444 550 bolt 0
1338 1004 1246 787 1204 1061 1112 843 bolt 0
798 662 864 662 798 596 864 596 nut 0
729 1129 797 1130 730 1064 798 1065 nut 0
1232 12 1059 585 1335 42 1162 616 wood_screw 0
1043 1221 1068 1082 996 1212 1021 1074 machine_screw 0
1589 448 995 398 1580 554 986 505 wood_screw 0
744 231 739 309 808 234 804 313 short_machine_screw 0
1425 806 1376 676 1380 823 1330 694 machine_screw 0
879 883 1045 717 831 835 997 669 short_wood_screw 0
688 946 625 904 653 999 589 957 short_machine_screw 0
610 274 396 369 639 339 425 433 short_wood_screw 0
