459 268 686 269 460 40 687 41 large_nut 0
1034 1379 1044 1147 891 1373 901 1140 bolt 0
869 985 1038 984 868 809 1037 808 nut 0
777 664 842 664 777 599 842 599 nut 0
302 697 246 400 199 716 143 420 black_oxide_screw 0
712 1019 382 117 608 1057 278 155 lag_wood_screw 0
931 258 1020 261 933 171 1023 174 nut 0
1381 768 1110 650 1342 859 1071 740 shiny_screw 0
1732 796 1386 168 1634 850 1288 222 long_lag_screw 0
1267 1143 1354 1027 1228 1113 1315 998 machine_screw 0
712 1260 279 854 637 1339 205 933 wood_screw 0
1102 397 888 496 1130 460 917 558 short_wood_screw 0
660 411 718 462 701 363 759 414 short_machine_screw 0
