380 1197 607 1197 380 960 607 960 large_nut 0
469 687 429 461 328 712 288 485 bolt 0
453 379 620 380 453 200 620 201 nut 0
1102 737 861 548 1038 818 798 629 black_oxide_screw 0
979 1118 1042 1118 979 1053 1042 1053 nut 0
568 810 660 810 569 727 660 727 nut 0
739 1239 744 1107 692 1237 697 1106 machine_screw 0
297 988 293 750 225 990 221 752 short_wood_screw 0
1529 128 627 456 1567 230 664 559 lag_wood_screw 0
1513 543 1295 358 1449 618 1231 433 shiny_screw 0
988 1394 1542 950 912 1299 1465 855 long_lag_screw 0
1356 884 1107 340 1259 929 1009 385 wood_screw 0
757 990 786 918 696 965 726 893 short_machine_screw 0
