777 813 1004 812 777 582 1004 581 large_nut 0
867 1205 806 984 731 1243 670 1021 bolt 0
612 478 783 476 610 310 780 307 nut 0
1288 209 990 147 1267 311 968 250 black_oxide_screw 0
1400 904 1470 903 1400 842 1470 842 nut 0
334 262 530 952 449 229 645 920 long_lag_screw 0
1445 356 1382 481 1489 378 1426 503 machine_screw 0
1207 560 1339 296 1118 515 1251 252 shiny_screw 0
1631 257 1545 1203 1748 268 1662 1213 lag_wood_screw 0
759 188 747 107 693 198 681 116 short_machine_screw 0
605 791 695 792 605 702 695 703 nut 0
1076 1084 1474 647 997 1012 1394 575 wood_screw 0
979 405 964 165 904 409 889 169 short_wood_screw 0
