507 541 721 540 506 314 720 313 large_nut 0
749 870 789 645 608 845 648 620 bolt 0
1439 1084 1617 1083 1438 915 1616 915 nut 0
844 786 929 785 843 692 928 692 nut 0
1058 962 1134 672 959 937 1034 646 black_oxide_screw 0
849 1274 996 1021 763 1224 911 971 shiny_screw 0
487 901 552 901 487 837 552 837 nut 0
198 1049 490 127 88 1015 380 93 lag_wood_screw 0
868 1041 840 801 796 1049 768 809 short_wood_screw 0
694 205 1294 579 753 111 1352 485 long_lag_screw 0
648 1135 648 1060 583 1135 583 1059 short_machine_screw 0
1046 502 973 387 1005 528 932 413 machine_screw 0
1448 573 1104 1053 1537 636 1193 1116 wood_screw 0
