647 956 853 957 647 726 854 727 large_nut 0
972 289 1188 287 970 58 1186 56 large_nut 0
522 799 685 798 521 630 684 629 nut 0
951 1361 938 1134 820 1369 806 1142 bolt 0
1315 262 1484 263 1315 87 1484 88 nut 0
338 614 423 615 340 523 425 525 nut 0
1386 904 697 1046 1409 1019 721 1160 long_lag_screw 0
1161 557 1782 538 1158 449 1779 430 wood_screw 0
1102 920 1170 920 1102 855 1170 854 nut 0
1143 866 1208 866 1142 801 1207 801 short_machine_screw 0
1577 525 621 563 1581 636 625 674 lag_wood_screw 0
877 199 591 110 847 294 562 204 shiny_screw 0
691 1363 780 1363 691 1273 780 1273 nut 0
489 214 617 263 507 166 635 216 machine_screw 0
410 764 509 670 380 733 479 638 machine_screw 0
537 818 393 1083 630 868 487 1134 black_oxide_screw 0
492 556 389 348 429 587 325 379 short_wood_screw 0
589 1283 552 1213 534 1312 497 1242 short_machine_screw 0
