1808 871 1600 783 1755 997 1547 909 bolt 0
302 532 439 716 412 450 549 635 bolt 0
1085 511 1046 801 1181 523 1142 814 black_oxide_screw 0
1219 25 1081 297 1307 70 1169 342 black_oxide_screw 0
976 647 1037 647 976 582 1037 582 nut 0
664 1318 948 405 560 1286 844 372 lag_wood_screw 0
776 1189 838 1189 776 1127 838 1127 nut 0
1562 971 1355 764 1490 1044 1283 837 shiny_screw 0
676 343 519 916 786 373 629 947 wood_screw 0
1412 683 758 938 1453 788 799 1044 long_lag_screw 0
928 1288 984 1060 862 1272 917 1044 short_wood_screw 0
1554 1333 942 959 1497 1426 885 1052 long_lag_screw 0
794 243 1567 779 856 153 1629 690 lag_wood_screw 0
527 1053 430 847 466 1082 370 876 short_wood_screw 0
1223 944 1431 1142 1288 875 1496 1073 shiny_screw 0
1859 613 1369 284 1798 703 1309 375 wood_screw 0
