1355 1299 1586 1300 1356 1065 1587 1067 large_nut 0
899 992 899 762 756 992 756 762 bolt 0
539 589 715 587 538 421 714 420 nut 0
541 250 607 250 541 184 608 185 nut 0
1129 677 1014 409 1040 715 925 447 shiny_screw 0
611 1329 1300 1145 579 1210 1268 1026 long_lag_screw 0
1641 254 712 20 1613 362 685 128 lag_wood_screw 0
424 965 520 966 425 879 521 880 nut 0
320 1007 529 446 218 969 427 408 wood_screw 0
1388 875 1602 657 1315 802 1528 585 black_oxide_screw 0
1220 496 1412 644 1264 438 1457 586 short_wood_screw 0
657 1049 788 1085 670 1001 801 1038 machine_screw 0
840 384 876 311 780 355 815 282 short_machine_screw 0
