840 216 904 216 840 154 904 154 nut 0
999 1349 1061 1349 999 1287 1061 1287 nut 0
1450 1079 1531 866 1317 1028 1398 816 bolt 0
799 1161 1007 1060 737 1033 945 932 bolt 0
1593 546 931 1230 1674 625 1013 1309 lag_wood_screw 0
876 -10 280 745 964 59 368 815 lag_wood_screw 0
885 391 824 186 816 412 755 207 short_wood_screw 0
1176 329 922 185 1126 417 872 273 shiny_screw 0
1148 252 1441 760 1242 198 1535 706 wood_screw 0
652 581 1353 606 657 457 1357 482 long_lag_screw 0
1183 846 690 540 1131 929 638 623 wood_screw 0
497 849 1174 1076 535 735 1212 962 long_lag_screw 0
1418 1260 1268 1011 1338 1308 1188 1059 black_oxide_screw 0
501 777 640 504 411 732 550 458 black_oxide_screw 0
920 1398 916 1100 820 1400 816 1101 shiny_screw 0
828 1276 859 1081 769 1267 800 1072 short_wood_screw 0
