1207 1121 1053 952 1101 1218 948 1049 bolt 0
549 1336 778 1337 549 1115 779 1115 large_nut 0
245 629 478 631 246 493 479 494 bolt 0
1241 861 1416 861 1241 694 1416 694 nut 0
645 1101 737 1100 645 1009 737 1008 nut 0
1318 311 1068 483 1376 396 1127 568 black_oxide_screw 0
887 916 1455 1066 915 810 1483 961 wood_screw 0
702 1003 767 1003 703 944 768 944 nut 0
773 1077 955 1232 820 1022 1002 1176 short_wood_screw 0
895 668 962 669 896 602 963 603 nut 0
115 633 380 746 154 542 419 654 shiny_screw 0
333 1140 528 915 255 1073 451 848 black_oxide_screw 0
1055 818 1267 620 987 745 1200 548 shiny_screw 0
1063 387 995 506 1105 411 1038 530 machine_screw 0
601 761 539 711 560 812 498 761 short_machine_screw 0
908 95 568 718 1011 152 671 774 long_lag_screw 0
371 1243 941 475 283 1178 854 410 lag_wood_screw 0
