984 601 1216 604 987 380 1219 383 large_nut 0
616 698 853 699 616 482 853 483 large_nut 0
1098 1112 1199 905 966 1048 1067 840 bolt 0
713 404 890 403 713 236 889 236 nut 0
1397 570 1564 570 1397 387 1564 387 nut 0
521 116 459 708 627 127 565 719 wood_screw 0
987 822 1690 789 982 713 1684 680 long_lag_screw 0
913 450 980 452 915 383 982 385 nut 0
402 899 494 901 404 808 497 810 nut 0
1057 150 1222 394 1139 95 1304 339 shiny_screw 0
899 1169 886 945 826 1173 813 950 short_wood_screw 0
1139 1019 1232 1021 1141 930 1234 932 nut 0
947 361 938 286 882 368 874 293 short_machine_screw 0
1295 335 1345 629 1396 318 1446 611 black_oxide_screw 0
632 780 760 737 616 734 745 690 machine_screw 0
823 977 895 944 796 918 868 885 short_machine_screw 0
757 1237 355 373 659 1283 257 418 lag_wood_screw 0
608 776 627 910 667 768 685 903 machine_screw 0
