352 1049 589 1052 355 814 592 817 large_nut 0
1165 1087 1379 1088 1166 859 1380 860 large_nut 0
977 889 970 1116 1109 893 1103 1120 bolt 0
267 616 446 615 266 449 445 448 nut 0
807 1018 972 1016 805 853 970 851 nut 0
21 953 964 746 -1 848 941 641 lag_wood_screw 0
724 1062 704 926 677 1068 658 933 machine_screw 0
913 866 1613 886 917 747 1616 766 long_lag_screw 0
318 362 603 452 349 266 633 356 shiny_screw 0
597 1303 691 1302 597 1211 690 1210 nut 0
1178 283 621 509 1220 386 663 611 wood_screw 0
504 646 587 653 511 566 594 574 nut 0
783 316 777 82 710 318 704 84 short_wood_screw 0
700 1375 876 1130 618 1316 795 1071 black_oxide_screw 0
705 117 589 183 730 159 614 225 machine_screw 0
530 1173 560 1107 470 1146 500 1080 short_machine_screw 0
823 909 822 832 760 910 758 833 short_machine_screw 0
968 820 1025 820 968 762 1025 762 nut 0
